# Made in Blockbench 4.8.3
mtllib ascending.mtl

o cube_selection
v 1.7506058357870011 0.5738893763036573 0.4864191193973157
v -0.24368166421299897 0.19757598619094113 -0.0012635887522820521
v -0.264481664212999 0.19757598619094113 -0.0012635887522820521
v -0.264481664212999 0.26386724692717994 -0.06755484948852086
v -0.24368166421299897 0.26386724692717994 -0.06755484948852086
v -0.24368166421299853 1.2151468384922075 1.0163072635489843
v -0.24368166421299853 1.2814380992284464 0.9500160028127453
v -0.26448166421299846 1.2151468384922075 1.0163072635489843
v -0.26448166421299846 1.2814380992284464 0.9500160028127453
v 1.265693335787001 0.1975759861909408 -0.0012635887522822742
v 1.2448933357870011 0.1975759861909408 -0.0012635887522822742
v 1.2448933357870011 0.2638672469271796 -0.06755484948852108
v 1.265693335787001 0.2638672469271796 -0.06755484948852108
v 1.2656933357870015 1.2151468384922073 1.0163072635489843
v 1.2656933357870015 1.2814380992284462 0.9500160028127453
v 1.2448933357870016 1.2151468384922073 1.0163072635489843
v 1.2448933357870016 1.2814380992284462 0.9500160028127453
v -0.1790816642129991 0.16995462755084156 0.02635776988781746
v -0.3290816642129989 0.16995462755084167 0.02635776988781746
v -0.3290816642129989 0.1979560560858289 -0.0016436586471697545
v -0.1790816642129991 0.19795605608582884 -0.0016436586471697545
v -0.17908166421299854 1.1875254798521082 1.0439286221890838
v -0.17908166421299854 1.2155269083870954 1.0159271936540966
v -0.32908166421299867 1.1875254798521082 1.043928622189084
v -0.32908166421299867 1.2155269083870954 1.0159271936540968
v -0.21758166421299907 0.2638672469271799 -0.06755484948852086
v -0.290581664212999 0.26386724692718005 -0.06755484948852075
v -0.290581664212999 0.29398999580572693 -0.09767759836706769
v -0.21758166421299907 0.29398999580572677 -0.0976775983670678
v -0.21758166421299863 1.2814380992284464 0.9500160028127456
v -0.21758166421299874 1.3115608481069934 0.9198932539341986
v -0.2905816642129986 1.2814380992284464 0.9500160028127455
v -0.2905816642129986 1.3115608481069931 0.9198932539341985
v 1.3302933357870008 0.16995462755084123 0.02635776988781724
v 1.1802933357870011 0.16995462755084123 0.02635776988781724
v 1.1802933357870011 0.1979560560858285 -0.0016436586471700876
v 1.3302933357870008 0.19795605608582856 -0.0016436586471699766
v 1.330293335787001 1.1875254798521075 1.0439286221890833
v 1.330293335787001 1.2155269083870948 1.0159271936540961
v 1.1802933357870011 1.1875254798521075 1.0439286221890836
v 1.1802933357870011 1.215526908387095 1.0159271936540963
v 1.2917933357870006 0.2638672469271796 -0.06755484948852108
v 1.2187933357870009 0.26386724692717956 -0.06755484948852108
v 1.2187933357870009 0.2939899958057265 -0.09767759836706802
v 1.2917933357870006 0.2939899958057265 -0.09767759836706802
v 1.2917933357870013 1.281438099228446 0.9500160028127451
v 1.2917933357870013 1.3115608481069927 0.9198932539341982
v 1.218793335787001 1.281438099228446 0.950016002812745
v 1.218793335787001 1.3115608481069927 0.9198932539341981
v 1.7506058357870011 0.9053456799848516 0.8178754230785099
v 0.9740433357870013 0.9053456799848518 0.8178754230785101
v 0.9740433357870013 0.9346906114040936 0.7885304916592684
v 1.7506058357870011 0.9346906114040934 0.7885304916592681
v 1.7506058357870011 1.0609091718458916 0.97343891493955
v 1.7506058357870011 1.0902541032651334 0.9440939835203083
v 0.9740433357870013 1.0609091718458923 0.9734389149395505
v 0.9740433357870013 1.090254103265134 0.9440939835203087
v 0.027168335787001063 0.2468524900048789 0.15054339833370517
v -0.7493941642129991 0.2468524900048792 0.15054339833370545
v -0.7493941642129991 0.27177800404170493 0.1256178842968797
v 0.027168335787001063 0.2717780040417047 0.12561788429687937
v 0.02716833578700112 0.40241598186591926 0.30610689019474546
v 0.02716833578700112 0.42734149590274506 0.2811813761579197
v -0.7493941642129989 0.4024159818659195 0.30610689019474563
v -0.7493941642129989 0.4273414959027452 0.2811813761579199
v 1.750605835787001 0.059469192990443176 0.3379266953481399
v -0.7493941642129993 0.05946919299044395 0.33792669534814035
v -0.7493941642129993 0.24243307262246305 0.15496281571612125
v 1.750605835787001 0.24243307262246228 0.1549628157161207
v 1.750605835787001 0.21503268485148352 0.49349018720918014
v 1.750605835787001 0.3979965644835026 0.31052630757716093
v -0.7493941642129989 0.21503268485148436 0.49349018720918075
v -0.7493941642129989 0.39799656448350346 0.31052630757716165
v 1.750605835787001 0.24243307262246228 0.1549628157161208
v 0.974043335787001 0.24243307262246266 0.15496281571612103
v 0.974043335787001 0.27177800404170444 0.1256178842968792
v 1.750605835787001 0.2717780040417041 0.12561788429687898
v 1.7506058357870011 0.39799656448350273 0.31052630757716104
v 1.7506058357870011 0.4273414959027445 0.28118137615791927
v 0.9740433357870011 0.39799656448350296 0.31052630757716126
v 0.9740433357870011 0.4273414959027448 0.2811813761579195
v 0.027168335787001063 0.573889376303658 0.4864191193973162
v -0.7493941642129989 0.5738893763036583 0.4864191193973165
v -0.7493941642129989 0.6032343077229001 0.4570741879780747
v 0.027168335787001063 0.6032343077228998 0.4570741879780744
v 0.027168335787001174 0.7294528681646982 0.6419826112583564
v 0.027168335787001174 0.7587977995839401 0.6126376798391147
v -0.7493941642129989 0.7294528681646986 0.6419826112583568
v -0.7493941642129989 0.7587977995839403 0.6126376798391149
v 1.7506058357870011 0.39092549667163823 0.6693829990293347
v -0.7493941642129989 0.39092549667163917 0.6693829990293356
v -0.7493941642129989 0.5738893763036583 0.4864191193973165
v 1.7506058357870011 0.5464889885326787 0.8249464908903752
v 1.7506058357870011 0.7294528681646978 0.6419826112583561
v -0.7493941642129989 0.5464889885326796 0.824946490890376
v -0.7493941642129989 0.7294528681646987 0.6419826112583568
v 1.7506058357870011 0.5738893763036573 0.4864191193973157
v 0.974043335787001 0.5738893763036576 0.4864191193973158
v 0.974043335787001 0.6032343077228993 0.457074187978074
v 1.7506058357870011 0.6032343077228991 0.45707418797807386
v 1.7506058357870011 0.7294528681646977 0.641982611258356
v 1.7506058357870011 0.7587977995839394 0.6126376798391142
v 0.9740433357870011 0.7294528681646979 0.6419826112583562
v 0.9740433357870011 0.7587977995839397 0.6126376798391144
v 0.02716833578700123 0.905345679984852 0.8178754230785102
v -0.7493941642129986 0.9053456799848522 0.8178754230785102
v -0.7493941642129986 0.9346906114040939 0.7885304916592685
v 0.02716833578700123 0.9346906114040938 0.7885304916592684
v 0.027168335787001452 1.0609091718458925 0.9734389149395506
v 0.027168335787001452 1.0902541032651343 0.9440939835203088
v -0.7493941642129986 1.0609091718458927 0.9734389149395508
v -0.7493941642129986 1.0902541032651345 0.944093983520309
v 1.750605835787001 0.7223818003528326 1.0008393027105291
v -0.7493941642129989 0.7223818003528333 1.0008393027105296
v -0.7493941642129989 0.9053456799848524 0.8178754230785105
v 1.750605835787001 0.9053456799848516 0.8178754230785101
v 1.7506058357870011 0.8779452922138725 1.1564027945715691
v 1.7506058357870011 1.0609091718458916 0.97343891493955
v -0.7493941642129989 0.8779452922138735 1.1564027945715698
v -0.7493941642129989 1.0609091718458927 0.9734389149395507
vt 0.5 0.9609375
vt 0.5 0.96875
vt 1 0.96875
vt 1 0.9609375
vt 1 0.9296875
vt 1 0.9375
vt 0.5 0.9375
vt 0.5 0.9296875
vt 0.5 0.96875
vt 0.5 0.9609375
vt 1 0.9609375
vt 1 0.96875
vt 1 0.9375
vt 1 0.9296875
vt 0.5 0.9296875
vt 0.5 0.9375
vt 0.578125 0.8515625
vt 0.5 0.8515625
vt 0.5 0.875
vt 0.578125 0.875
vt 0.5 0.5078125
vt 0 0.5078125
vt 0 0.53125
vt 0.5 0.53125
vt 0.578125 0.8828125
vt 0.5 0.8828125
vt 0.5 0.90625
vt 0.578125 0.90625
vt 0.5 0.5390625
vt 0 0.5390625
vt 0 0.5625
vt 0.5 0.5625
vt 0 0.921875
vt 0 1
vt 0.5 1
vt 0.5 0.921875
vt 0.5 0.828125
vt 0.5 0.90625
vt 0 0.90625
vt 0 0.828125
vt 0.5078125 0.671875
vt 0.5 0.671875
vt 0.5 0.71875
vt 0.5078125 0.71875
vt 0.5 0.703125
vt 0 0.703125
vt 0 0.75
vt 0.5 0.75
vt 0.5078125 0.734375
vt 0.5 0.734375
vt 0.5 0.78125
vt 0.5078125 0.78125
vt 0.5 0.765625
vt 0 0.765625
vt 0 0.8125
vt 0.5 0.8125
vt 0.5390625 0.7890625
vt 0.5 0.7890625
vt 0.5 0.8125
vt 0.5390625 0.8125
vt 1 0.9765625
vt 0.5 0.9765625
vt 0.5 1
vt 1 1
vt 0.5390625 0.8203125
vt 0.5 0.8203125
vt 0.5 0.84375
vt 0.5390625 0.84375
vt 0.5 0.4765625
vt 0 0.4765625
vt 0 0.5
vt 0.5 0.5
vt 0 0.6484375
vt 0 0.6875
vt 0.5 0.6875
vt 0.5 0.6484375
vt 0.5 0.5859375
vt 0.5 0.625
vt 0 0.625
vt 0 0.5859375
vt 0.5 0.8515625
vt 0.578125 0.8515625
vt 0.578125 0.875
vt 0.5 0.875
vt 0 0.5390625
vt 0.5 0.5390625
vt 0.5 0.5625
vt 0 0.5625
vt 0.5 0.8828125
vt 0.578125 0.8828125
vt 0.578125 0.90625
vt 0.5 0.90625
vt 0 0.5078125
vt 0.5 0.5078125
vt 0.5 0.53125
vt 0 0.53125
vt 0 1
vt 0 0.921875
vt 0.5 0.921875
vt 0.5 1
vt 0.5 0.90625
vt 0.5 0.828125
vt 0 0.828125
vt 0 0.90625
vt 0.5 0.671875
vt 0.5078125 0.671875
vt 0.5078125 0.71875
vt 0.5 0.71875
vt 0 0.765625
vt 0.5 0.765625
vt 0.5 0.8125
vt 0 0.8125
vt 0.5 0.734375
vt 0.5078125 0.734375
vt 0.5078125 0.78125
vt 0.5 0.78125
vt 0 0.703125
vt 0.5 0.703125
vt 0.5 0.75
vt 0 0.75
vt 0.5 0.7890625
vt 0.5390625 0.7890625
vt 0.5390625 0.8125
vt 0.5 0.8125
vt 0 0.4765625
vt 0.5 0.4765625
vt 0.5 0.5
vt 0 0.5
vt 0.5 0.8203125
vt 0.5390625 0.8203125
vt 0.5390625 0.84375
vt 0.5 0.84375
vt 0.5 0.9765625
vt 1 0.9765625
vt 1 1
vt 0.5 1
vt 0 0.6875
vt 0 0.6484375
vt 0.5 0.6484375
vt 0.5 0.6875
vt 0.5 0.625
vt 0.5 0.5859375
vt 0 0.5859375
vt 0 0.625
vt 0.3125 0.75
vt 0.5 0.75
vt 0.5 0.765625
vt 0.3125 0.765625
vt 0.3125 0.71875
vt 0.375 0.71875
vt 0.375 0.734375
vt 0.3125 0.734375
vt 0.3125 0.765625
vt 0.5 0.765625
vt 0.5 0.78125
vt 0.3125 0.78125
vt 0.3125 0.703125
vt 0.375 0.703125
vt 0.375 0.71875
vt 0.3125 0.71875
vt 0.25 0.875
vt 0.25 0.6875
vt 0.3125 0.6875
vt 0.3125 0.875
vt 0.1875 0.6875
vt 0.1875 0.5
vt 0.125 0.5
vt 0.125 0.6875
vt 0.3125 0.78125
vt 0.5 0.78125
vt 0.5 0.796875
vt 0.3125 0.796875
vt 0.25 0.671875
vt 0.3125 0.671875
vt 0.3125 0.6875
vt 0.25 0.6875
vt 0.3125 0.796875
vt 0.5 0.796875
vt 0.5 0.8125
vt 0.3125 0.8125
vt 0.3125 0.734375
vt 0.375 0.734375
vt 0.375 0.75
vt 0.3125 0.75
vt 0.125 0.875
vt 0.125 0.6875
vt 0.1875 0.6875
vt 0.1875 0.875
vt 0.25 0.875
vt 0.25 0.6875
vt 0.1875 0.6875
vt 0.1875 0.875
vt 0 0.875
vt 0.625 0.875
vt 0.625 0.9375
vt 0 0.9375
vt 0.3125 0.8125
vt 0.375 0.8125
vt 0.375 0.875
vt 0.3125 0.875
vt 0 0.9375
vt 0.625 0.9375
vt 0.625 1
vt 0 1
vt 0.1875 0.625
vt 0.25 0.625
vt 0.25 0.6875
vt 0.1875 0.6875
vt 0 0.875
vt 0 0.25
vt 0.0625 0.25
vt 0.0625 0.875
vt 0.125 0.875
vt 0.125 0.25
vt 0.0625 0.25
vt 0.0625 0.875
vt 0.3125 0.75
vt 0.5 0.75
vt 0.5 0.765625
vt 0.3125 0.765625
vt 0.3125 0.71875
vt 0.375 0.71875
vt 0.375 0.734375
vt 0.3125 0.734375
vt 0.3125 0.765625
vt 0.5 0.765625
vt 0.5 0.78125
vt 0.3125 0.78125
vt 0.3125 0.703125
vt 0.375 0.703125
vt 0.375 0.71875
vt 0.3125 0.71875
vt 0.25 0.875
vt 0.25 0.6875
vt 0.3125 0.6875
vt 0.3125 0.875
vt 0.1875 0.6875
vt 0.1875 0.5
vt 0.125 0.5
vt 0.125 0.6875
vt 0.3125 0.78125
vt 0.5 0.78125
vt 0.5 0.796875
vt 0.3125 0.796875
vt 0.25 0.671875
vt 0.3125 0.671875
vt 0.3125 0.6875
vt 0.25 0.6875
vt 0.3125 0.796875
vt 0.5 0.796875
vt 0.5 0.8125
vt 0.3125 0.8125
vt 0.3125 0.734375
vt 0.375 0.734375
vt 0.375 0.75
vt 0.3125 0.75
vt 0.125 0.875
vt 0.125 0.6875
vt 0.1875 0.6875
vt 0.1875 0.875
vt 0.25 0.875
vt 0.25 0.6875
vt 0.1875 0.6875
vt 0.1875 0.875
vt 0 0.875
vt 0.625 0.875
vt 0.625 0.9375
vt 0 0.9375
vt 0.3125 0.8125
vt 0.375 0.8125
vt 0.375 0.875
vt 0.3125 0.875
vt 0 0.9375
vt 0.625 0.9375
vt 0.625 1
vt 0 1
vt 0.1875 0.625
vt 0.25 0.625
vt 0.25 0.6875
vt 0.1875 0.6875
vt 0 0.875
vt 0 0.25
vt 0.0625 0.25
vt 0.0625 0.875
vt 0.125 0.875
vt 0.125 0.25
vt 0.0625 0.25
vt 0.0625 0.875
vt 0.3125 0.75
vt 0.5 0.75
vt 0.5 0.765625
vt 0.3125 0.765625
vt 0.3125 0.71875
vt 0.375 0.71875
vt 0.375 0.734375
vt 0.3125 0.734375
vt 0.3125 0.765625
vt 0.5 0.765625
vt 0.5 0.78125
vt 0.3125 0.78125
vt 0.3125 0.703125
vt 0.375 0.703125
vt 0.375 0.71875
vt 0.3125 0.71875
vt 0.25 0.875
vt 0.25 0.6875
vt 0.3125 0.6875
vt 0.3125 0.875
vt 0.1875 0.6875
vt 0.1875 0.5
vt 0.125 0.5
vt 0.125 0.6875
vt 0.3125 0.78125
vt 0.5 0.78125
vt 0.5 0.796875
vt 0.3125 0.796875
vt 0.25 0.671875
vt 0.3125 0.671875
vt 0.3125 0.6875
vt 0.25 0.6875
vt 0.3125 0.796875
vt 0.5 0.796875
vt 0.5 0.8125
vt 0.3125 0.8125
vt 0.3125 0.734375
vt 0.375 0.734375
vt 0.375 0.75
vt 0.3125 0.75
vt 0.125 0.875
vt 0.125 0.6875
vt 0.1875 0.6875
vt 0.1875 0.875
vt 0.25 0.875
vt 0.25 0.6875
vt 0.1875 0.6875
vt 0.1875 0.875
vt 0 0.875
vt 0.625 0.875
vt 0.625 0.9375
vt 0 0.9375
vt 0.3125 0.8125
vt 0.375 0.8125
vt 0.375 0.875
vt 0.3125 0.875
vt 0 0.9375
vt 0.625 0.9375
vt 0.625 1
vt 0 1
vt 0.1875 0.625
vt 0.25 0.625
vt 0.25 0.6875
vt 0.1875 0.6875
vt 0 0.875
vt 0 0.25
vt 0.0625 0.25
vt 0.0625 0.875
vt 0.125 0.875
vt 0.125 0.25
vt 0.0625 0.25
vt 0.0625 0.875
vn 5.551115123125783e-17 0.7071067811865475 -0.7071067811865477
vn -5.551115123125783e-17 -0.7071067811865475 0.7071067811865477
vn 5.551115123125783e-17 0.7071067811865475 -0.7071067811865477
vn -5.551115123125783e-17 -0.7071067811865475 0.7071067811865477
vn -2.220446049250313e-16 -0.7071067811865477 -0.7071067811865475
vn 1 -2.775557561562891e-16 -3.3306690738754686e-16
vn 1.2212453270876722e-15 0.7071067811865477 0.7071067811865475
vn -1 1.1102230246251565e-16 1.6653345369377348e-16
vn 5.551115123125783e-17 0.7071067811865475 -0.7071067811865477
vn -5.551115123125783e-17 -0.7071067811865475 0.7071067811865477
vn -2.220446049250313e-16 -0.7071067811865477 -0.7071067811865474
vn 1 -2.7755575615628914e-16 -3.3306690738754696e-16
vn 3.9968028886505635e-15 0.7071067811865477 0.7071067811865474
vn -1 3.3306690738754686e-16 3.885780586188047e-16
vn -2.3869795029440866e-15 -0.7071067811865477 -0.7071067811865474
vn 1 -2.7755575615628914e-16 -3.3306690738754696e-16
vn -1.942890293094024e-15 0.7071067811865477 0.7071067811865474
vn -1 2.220446049250313e-16 2.7755575615628914e-16
vn 5.551115123125783e-17 0.7071067811865475 -0.7071067811865477
vn -5.551115123125783e-17 -0.7071067811865475 0.7071067811865477
vn 3.3306690738754696e-16 -0.7071067811865477 -0.7071067811865475
vn 1 -1.6653345369377343e-16 -2.2204460492503126e-16
vn 7.771561172376096e-16 0.7071067811865477 0.7071067811865475
vn -1 1.1102230246251565e-16 1.6653345369377348e-16
vn 5.551115123125783e-17 0.7071067811865475 -0.7071067811865477
vn -5.551115123125783e-17 -0.7071067811865475 0.7071067811865477
vn -2.220446049250313e-16 -0.7071067811865477 -0.7071067811865474
vn 1 -2.220446049250313e-16 -2.7755575615628914e-16
vn 2.220446049250313e-16 0.7071067811865477 0.7071067811865474
vn -1 2.220446049250313e-16 2.7755575615628914e-16
vn 8.326672684688674e-16 -0.7071067811865477 -0.7071067811865474
vn 1 -2.220446049250313e-16 -2.7755575615628914e-16
vn -2.9976021664879227e-15 0.7071067811865477 0.7071067811865475
vn -1 1.1102230246251565e-16 1.6653345369377348e-16
vn 5.551115123125783e-17 0.7071067811865475 -0.7071067811865477
vn -5.551115123125783e-17 -0.7071067811865475 0.7071067811865477
vn -3.3306690738754696e-16 -0.7071067811865477 -0.7071067811865475
vn 1 0 -5.5511151231257815e-17
vn 9.43689570931383e-16 0.7071067811865477 0.7071067811865475
vn -1 5.551115123125781e-16 6.106226635438358e-16
vn 5.551115123125783e-17 0.7071067811865475 -0.7071067811865477
vn -5.551115123125783e-17 -0.7071067811865475 0.7071067811865477
vn -5.551115123125783e-16 -0.7071067811865477 -0.7071067811865475
vn 1 -2.775557561562891e-16 -3.3306690738754686e-16
vn 2.220446049250313e-16 0.7071067811865477 0.7071067811865475
vn -1 3.3306690738754686e-16 3.885780586188047e-16
vn 5.551115123125783e-17 0.7071067811865475 -0.7071067811865477
vn -5.551115123125783e-17 -0.7071067811865475 0.7071067811865477
vn -3.885780586188048e-16 -0.7071067811865477 -0.7071067811865474
vn 1 -1.6653345369377348e-16 -2.220446049250313e-16
vn 4.440892098500626e-16 0.7071067811865477 0.7071067811865475
vn -1 5.551115123125783e-16 6.106226635438361e-16
vn 5.551115123125783e-17 0.7071067811865475 -0.7071067811865477
vn -5.551115123125783e-17 -0.7071067811865475 0.7071067811865477
vn -4.440892098500626e-16 -0.7071067811865478 -0.7071067811865475
vn 1 -3.885780586188047e-16 -4.440892098500625e-16
vn 4.440892098500626e-16 0.7071067811865478 0.7071067811865475
vn -1 3.885780586188047e-16 4.440892098500625e-16
vn 5.551115123125783e-17 0.7071067811865475 -0.7071067811865477
vn -5.551115123125783e-17 -0.7071067811865475 0.7071067811865477
vn -4.440892098500626e-16 -0.7071067811865478 -0.7071067811865475
vn 1 -3.3306690738754686e-16 -3.885780586188047e-16
vn 4.440892098500626e-16 0.7071067811865478 0.7071067811865475
vn -1 1.6653345369377348e-16 2.220446049250313e-16
vn 5.551115123125783e-17 0.7071067811865475 -0.7071067811865477
vn -5.551115123125783e-17 -0.7071067811865475 0.7071067811865477
vn -4.996003610813204e-16 -0.7071067811865477 -0.7071067811865475
vn 1 -3.885780586188047e-16 -4.440892098500625e-16
vn 4.440892098500626e-16 0.7071067811865477 0.7071067811865475
vn -1 4.440892098500626e-16 4.996003610813204e-16
vn 5.551115123125783e-17 0.7071067811865475 -0.7071067811865477
vn -5.551115123125783e-17 -0.7071067811865475 0.7071067811865477
vn -2.220446049250313e-16 -0.7071067811865477 -0.7071067811865475
vn 1 5.5511151231257815e-17 0
vn 4.440892098500626e-16 0.7071067811865478 0.7071067811865475
vn -1 4.440892098500624e-16 4.996003610813202e-16
vn 5.551115123125783e-17 0.7071067811865475 -0.7071067811865477
vn -5.551115123125783e-17 -0.7071067811865475 0.7071067811865477
vn -1.1102230246251565e-16 -0.7071067811865477 -0.7071067811865475
vn 1 -9.436895709313829e-16 -9.992007221626407e-16
vn 4.440892098500626e-16 0.7071067811865477 0.7071067811865475
vn -1 -3.3306690738754686e-16 -2.775557561562891e-16
vn 5.551115123125783e-17 0.7071067811865475 -0.7071067811865477
vn -5.551115123125783e-17 -0.7071067811865475 0.7071067811865477
vn -3.3306690738754696e-16 -0.7071067811865477 -0.7071067811865475
vn 1 -6.106226635438361e-16 -6.661338147750939e-16
vn 4.996003610813204e-16 0.7071067811865477 0.7071067811865475
vn -1 -1.1102230246251565e-16 -5.551115123125783e-17
vn 5.551115123125783e-17 0.7071067811865475 -0.7071067811865477
vn -5.551115123125783e-17 -0.7071067811865475 0.7071067811865477
usemtl m_76a5cc7b-4b21-cace-51d3-8682bd9e6a75
f 9/1/1 7/2/1 5/3/1 4/4/1
f 3/5/2 2/6/2 6/7/2 8/8/2
f 17/9/3 15/10/3 13/11/3 12/12/3
f 11/13/4 10/14/4 14/15/4 16/16/4
f 18/17/5 19/18/5 20/19/5 21/20/5
f 22/21/6 18/22/6 21/23/6 23/24/6
f 24/25/7 22/26/7 23/27/7 25/28/7
f 19/29/8 24/30/8 25/31/8 20/32/8
f 25/33/9 23/34/9 21/35/9 20/36/9
f 19/37/10 18/38/10 22/39/10 24/40/10
f 2/41/11 3/42/11 4/43/11 5/44/11
f 6/45/12 2/46/12 5/47/12 7/48/12
f 8/49/13 6/50/13 7/51/13 9/52/13
f 3/53/14 8/54/14 9/55/14 4/56/14
f 26/57/15 27/58/15 28/59/15 29/60/15
f 30/61/16 26/62/16 29/63/16 31/64/16
f 32/65/17 30/66/17 31/67/17 33/68/17
f 27/69/18 32/70/18 33/71/18 28/72/18
f 33/73/19 31/74/19 29/75/19 28/76/19
f 27/77/20 26/78/20 30/79/20 32/80/20
f 34/81/21 35/82/21 36/83/21 37/84/21
f 38/85/22 34/86/22 37/87/22 39/88/22
f 40/89/23 38/90/23 39/91/23 41/92/23
f 35/93/24 40/94/24 41/95/24 36/96/24
f 41/97/25 39/98/25 37/99/25 36/100/25
f 35/101/26 34/102/26 38/103/26 40/104/26
f 10/105/27 11/106/27 12/107/27 13/108/27
f 14/109/28 10/110/28 13/111/28 15/112/28
f 16/113/29 14/114/29 15/115/29 17/116/29
f 11/117/30 16/118/30 17/119/30 12/120/30
f 42/121/31 43/122/31 44/123/31 45/124/31
f 46/125/32 42/126/32 45/127/32 47/128/32
f 48/129/33 46/130/33 47/131/33 49/132/33
f 43/133/34 48/134/34 49/135/34 44/136/34
f 49/137/35 47/138/35 45/139/35 44/140/35
f 43/141/36 42/142/36 46/143/36 48/144/36
usemtl m_83a165a2-caa1-30d2-29ba-95ea8b7b9a87
f 50/145/37 51/146/37 52/147/37 53/148/37
f 54/149/38 50/150/38 53/151/38 55/152/38
f 56/153/39 54/154/39 55/155/39 57/156/39
f 51/157/40 56/158/40 57/159/40 52/160/40
f 57/161/41 55/162/41 53/163/41 52/164/41
f 51/165/42 50/166/42 54/167/42 56/168/42
f 58/169/43 59/170/43 60/171/43 61/172/43
f 62/173/44 58/174/44 61/175/44 63/176/44
f 64/177/45 62/178/45 63/179/45 65/180/45
f 59/181/46 64/182/46 65/183/46 60/184/46
f 65/185/47 63/186/47 61/187/47 60/188/47
f 59/189/48 58/190/48 62/191/48 64/192/48
f 66/193/49 67/194/49 68/195/49 69/196/49
f 70/197/50 66/198/50 69/199/50 71/200/50
f 72/201/51 70/202/51 71/203/51 73/204/51
f 67/205/52 72/206/52 73/207/52 68/208/52
f 73/209/53 71/210/53 69/211/53 68/212/53
f 67/213/54 66/214/54 70/215/54 72/216/54
f 74/217/55 75/218/55 76/219/55 77/220/55
f 78/221/56 74/222/56 77/223/56 79/224/56
f 80/225/57 78/226/57 79/227/57 81/228/57
f 75/229/58 80/230/58 81/231/58 76/232/58
f 81/233/59 79/234/59 77/235/59 76/236/59
f 75/237/60 74/238/60 78/239/60 80/240/60
f 82/241/61 83/242/61 84/243/61 85/244/61
f 86/245/62 82/246/62 85/247/62 87/248/62
f 88/249/63 86/250/63 87/251/63 89/252/63
f 83/253/64 88/254/64 89/255/64 84/256/64
f 89/257/65 87/258/65 85/259/65 84/260/65
f 83/261/66 82/262/66 86/263/66 88/264/66
f 90/265/67 91/266/67 92/267/67 1/268/67
f 93/269/68 90/270/68 1/271/68 94/272/68
f 95/273/69 93/274/69 94/275/69 96/276/69
f 91/277/70 95/278/70 96/279/70 92/280/70
f 96/281/71 94/282/71 1/283/71 92/284/71
f 91/285/72 90/286/72 93/287/72 95/288/72
f 97/289/73 98/290/73 99/291/73 100/292/73
f 101/293/74 97/294/74 100/295/74 102/296/74
f 103/297/75 101/298/75 102/299/75 104/300/75
f 98/301/76 103/302/76 104/303/76 99/304/76
f 104/305/77 102/306/77 100/307/77 99/308/77
f 98/309/78 97/310/78 101/311/78 103/312/78
f 105/313/79 106/314/79 107/315/79 108/316/79
f 109/317/80 105/318/80 108/319/80 110/320/80
f 111/321/81 109/322/81 110/323/81 112/324/81
f 106/325/82 111/326/82 112/327/82 107/328/82
f 112/329/83 110/330/83 108/331/83 107/332/83
f 106/333/84 105/334/84 109/335/84 111/336/84
f 113/337/85 114/338/85 115/339/85 116/340/85
f 117/341/86 113/342/86 116/343/86 118/344/86
f 119/345/87 117/346/87 118/347/87 120/348/87
f 114/349/88 119/350/88 120/351/88 115/352/88
f 120/353/89 118/354/89 116/355/89 115/356/89
f 114/357/90 113/358/90 117/359/90 119/360/90