# Made in Blockbench 4.8.3
mtllib cross_d2_xo.mtl

o cube
v 1.1305504845656238 0.12749999999999995 1.637838314009259
v 0.581437874800445 0.12749999999999995 1.0887257042440805
v 0.581437874800445 0.16900000000000004 1.0887257042440805
v 1.1305504845656238 0.16900000000000004 1.637838314009259
v 0.9749869927045828 0.12749999999999995 1.7934018058702987
v 0.9749869927045828 0.16900000000000004 1.7934018058702987
v 0.4258743829394047 0.12749999999999995 1.244289196105121
v 0.4258743829394047 0.16900000000000004 1.244289196105121
v 0.5748087487268222 0.13375000000000004 -0.24372863655432053
v 0.02569613896164369 0.13375000000000004 -0.7928412463194986
v 0.02569613896164369 0.16900000000000004 -0.7928412463194986
v 0.5748087487268222 0.16900000000000004 -0.24372863655432053
v 0.4192452568657818 0.13375000000000004 -0.0881651446932803
v 0.4192452568657818 0.16900000000000004 -0.0881651446932803
v -0.12986735289939666 0.13375000000000004 -0.6372777544584586
v -0.12986735289939666 0.16900000000000004 -0.6372777544584586
v 1.7934630919280128 -0.13124999999999995 0.9749257066468696
v 0.02569613896164341 -0.13124999999999995 -0.7928412463194995
v 0.02569613896164341 0.12749999999999995 -0.7928412463194995
v 1.7934630919280128 0.12749999999999995 0.9749257066468696
v 1.6378996000669725 -0.13124999999999995 1.13048919850791
v 1.6378996000669725 0.12749999999999995 1.13048919850791
v -0.12986735289939666 -0.13124999999999995 -0.6372777544584586
v -0.12986735289939666 0.12749999999999995 -0.6372777544584586
v 1.7934630919280128 0.12749999999999995 0.97492570664687
v 1.244350482162834 0.12749999999999995 0.4258130968816916
v 1.244350482162834 0.16900000000000004 0.4258130968816916
v 1.7934630919280128 0.16900000000000004 0.97492570664687
v 1.6378996000669725 0.12749999999999995 1.1304891985079104
v 1.6378996000669725 0.16900000000000004 1.1304891985079104
v 1.088786990301794 0.12749999999999995 0.5813765887427321
v 1.088786990301794 0.16900000000000004 0.5813765887427321
v 0.24335244504562697 0.12749999999999995 0.08772766712687446
v -0.3057601647195516 0.12749999999999995 -0.46138494263830443
v -0.3057601647195516 0.16900000000000004 -0.46138494263830443
v 0.24335244504562697 0.16900000000000004 0.08772766712687446
v 0.08778895318458685 0.12749999999999995 0.2432911589879146
v 0.08778895318458685 0.16900000000000004 0.2432911589879146
v -0.46132365658059127 0.12749999999999995 -0.30582145077726364
v -0.46132365658059127 0.16900000000000004 -0.30582145077726364
v 1.4620067882468177 -0.13124999999999995 1.3063820103280648
v -0.3057601647195516 -0.13124999999999995 -0.46138494263830443
v -0.3057601647195516 0.12749999999999995 -0.46138494263830443
v 1.4620067882468177 0.12749999999999995 1.3063820103280648
v 1.306443296385777 -0.13124999999999995 1.461945502189105
v 1.306443296385777 0.12749999999999995 1.461945502189105
v -0.4613236565805918 -0.13124999999999995 -0.3058214507772635
v -0.4613236565805918 0.12749999999999995 -0.3058214507772635
v 1.4620067882468177 0.12749999999999995 1.3063820103280648
v 0.9128941784816391 0.12749999999999995 0.7572694005628863
v 0.9128941784816391 0.16900000000000004 0.7572694005628863
v 1.4620067882468177 0.16900000000000004 1.3063820103280648
v 1.3064432963857775 0.12749999999999995 1.461945502189105
v 1.3064432963857775 0.16900000000000004 1.461945502189105
v 0.7573306866205988 0.12749999999999995 0.9128328924239266
v 0.7573306866205988 0.16900000000000004 0.9128328924239266
v -0.08810385863556713 0.12749999999999995 0.41918397080806846
v -0.6372164684007454 0.12749999999999995 -0.12992863895710993
v -0.6372164684007454 0.16900000000000004 -0.12992863895710993
v -0.08810385863556713 0.16900000000000004 0.41918397080806846
v -0.24366735049660748 0.12749999999999995 0.5747474626691089
v -0.24366735049660748 0.16900000000000004 0.5747474626691089
v -0.7927799602617857 0.12749999999999995 0.025634852903930472
v -0.7927799602617857 0.16900000000000004 0.025634852903930472
v 1.1305504845656236 -0.13124999999999995 1.6378383140092585
v -0.6372164684007456 -0.13124999999999995 -0.12992863895711015
v -0.6372164684007456 0.12749999999999995 -0.12992863895711015
v 1.1305504845656236 0.12749999999999995 1.6378383140092585
v 0.9749869927045828 -0.13124999999999995 1.7934018058702987
v 0.9749869927045828 0.12749999999999995 1.7934018058702987
v -0.7927799602617854 -0.13124999999999995 0.025634852903930305
v -0.7927799602617854 0.12749999999999995 0.025634852903930305
v 0.8590624999999998 0.12749999999999995 0.9734375000000002
v 0.6390625000000001 0.12749999999999995 0.9734375000000002
v 0.6390625000000001 0.17056249999999995 0.9734375000000002
v 0.8590624999999998 0.17056249999999995 0.9734375000000002
v 0.8590624999999998 0.12749999999999995 1.75
v 0.8590624999999998 0.17056249999999995 1.75
v 0.6390625000000001 0.12749999999999995 1.75
v 0.6390625000000001 0.17056249999999995 1.75
v 0.8590624999999998 -0.13124999999999998 -0.75
v 0.6390625000000001 -0.13124999999999998 -0.75
v 0.6390625000000001 0.12593750000000004 -0.75
v 0.8590624999999998 0.12593750000000004 -0.75
v 0.8590624999999998 -0.13124999999999998 1.75
v 0.8590624999999998 0.12593750000000004 1.75
v 0.6390625000000001 -0.13124999999999998 1.75
v 0.6390625000000001 0.12593750000000004 1.75
v 0.8590624999999998 0.12749999999999995 -0.75
v 0.6390625000000001 0.12749999999999995 -0.75
v 0.6390625000000001 0.17056249999999995 -0.75
v 0.8590624999999998 0.17056249999999995 -0.75
v 0.8590624999999998 0.12749999999999995 0.026562500000000044
v 0.8590624999999998 0.17056249999999995 0.026562500000000044
v 0.6390625000000001 0.12749999999999995 0.026562500000000044
v 0.6390625000000001 0.17056249999999995 0.026562500000000044
v 0.360625 0.12749999999999995 0.9734375000000002
v 0.140625 0.12749999999999995 0.9734375000000002
v 0.140625 0.17056249999999995 0.9734375000000002
v 0.360625 0.17056249999999995 0.9734375000000002
v 0.360625 0.12749999999999995 1.75
v 0.360625 0.17056249999999995 1.75
v 0.140625 0.12749999999999995 1.75
v 0.140625 0.17056249999999995 1.75
v 0.360625 -0.13124999999999998 -0.75
v 0.140625 -0.13124999999999998 -0.75
v 0.140625 0.12593750000000004 -0.75
v 0.360625 0.12593750000000004 -0.75
v 0.360625 -0.13124999999999998 1.75
v 0.360625 0.12593750000000004 1.75
v 0.140625 -0.13124999999999998 1.75
v 0.140625 0.12593750000000004 1.75
v 0.360625 0.12749999999999995 -0.75
v 0.140625 0.12749999999999995 -0.75
v 0.140625 0.17056249999999995 -0.75
v 0.360625 0.17056249999999995 -0.75
v 0.360625 0.12749999999999995 0.026562500000000044
v 0.360625 0.17056249999999995 0.026562500000000044
v 0.140625 0.12749999999999995 0.026562500000000044
v 0.140625 0.17056249999999995 0.026562500000000044
v -0.5484480508575377 0.30000000000000004 0.46707277756392657
v -0.5337402298088577 0.30000000000000004 0.48178059861260647
v 0.48383062249240816 0.30000000000000004 -0.5357902536886593
v 0.469122801443728 0.30000000000000004 -0.5504980747373395
v 0.469122801443728 0.20625000000000004 -0.5504980747373395
v 0.48383062249240816 0.20625000000000004 -0.5357902536886593
v -0.5337402298088577 0.20625000000000004 0.48178059861260647
v -0.5484480508575377 0.20625000000000004 0.46707277756392657
v 0.5188412469959071 0.30000000000000004 1.5343620754173721
v 0.5335490680445869 0.30000000000000004 1.5490698964660519
v 1.5511199203458532 0.30000000000000004 0.5314990441647859
v 1.536412099297173 0.30000000000000004 0.5167912231161054
v 1.536412099297173 0.20625000000000004 0.5167912231161054
v 1.5511199203458532 0.20625000000000004 0.5314990441647859
v 0.5335490680445869 0.20625000000000004 1.5490698964660519
v 0.5188412469959071 0.20625000000000004 1.5343620754173721
v 0.5295097205570589 0.16718750000000004 -0.49011115562400853
v 0.4234437033790773 0.16718750000000004 -0.5961771728019903
v 0.4234437033790773 0.2067875 -0.5961771728019903
v 0.5295097205570589 0.2067875 -0.49011115562400853
v -0.4880611317442072 0.16718750000000004 0.5274596966772578
v -0.4880611317442072 0.2067875 0.5274596966772578
v -0.5941271489221892 0.16718750000000004 0.42139367949927564
v -0.5941271489221892 0.2067875 0.42139367949927564
v 0.5022861094813772 0.30000000000000004 -0.5173347666996905
v 0.450667314454759 0.30000000000000004 -0.5689535617263083
v 0.450667314454759 0.3426 -0.5689535617263083
v 0.5022861094813772 0.3426 -0.5173347666996905
v -0.5152847428198891 0.30000000000000004 0.5002360856015758
v -0.5152847428198891 0.3426 0.5002360856015758
v -0.5669035378465067 0.30000000000000004 0.4486172905749575
v -0.5669035378465067 0.3426 0.4486172905749575
v 1.596799018410504 0.16718750000000004 0.5771781422294369
v 1.4907330012325222 0.16718750000000004 0.47111212505145444
v 1.4907330012325222 0.2067875 0.47111212505145444
v 1.596799018410504 0.2067875 0.5771781422294369
v 0.5792281661092381 0.16718750000000004 1.5947489945307023
v 0.5792281661092381 0.2067875 1.5947489945307023
v 0.47316214893125597 0.16718750000000004 1.4886829773527208
v 0.47316214893125597 0.2067875 1.4886829773527208
v 1.5695754073348218 0.30000000000000004 0.5499545311537547
v 1.517956612308204 0.30000000000000004 0.49833573612713666
v 1.517956612308204 0.3426 0.49833573612713666
v 1.5695754073348218 0.3426 0.5499545311537547
v 0.5520045550335558 0.30000000000000004 1.5675253834550205
v 0.5520045550335558 0.3426 1.5675253834550205
v 0.500385760006938 0.30000000000000004 1.5159065884284022
v 0.500385760006938 0.3426 1.5159065884284022
v 1 0.20625000000000004 1.2442875
v 0 0.20625000000000004 1.2442875
v 0 0.30000000000000004 1.2442875
v 1 0.30000000000000004 1.2442875
v 1 0.20625000000000004 1.2650875
v 1 0.30000000000000004 1.2650875
v 0 0.20625000000000004 1.2650875
v 0 0.30000000000000004 1.2650875
v 1 0.29984094197175515 1.2182807859414582
v 0 0.29984094197175515 1.2182807859414582
v 0 0.34244053645045835 1.218094908965928
v 1 0.34244053645045835 1.218094908965928
v 1 0.3001594635495417 1.2912800910340718
v 1 0.3427590580282449 1.2910942140585417
v 0 0.3001594635495417 1.2912800910340718
v 0 0.3427590580282449 1.2910942140585417
v 1 0.1668604402853735 1.1797746074697828
v 0 0.1668604402853735 1.1797746074697828
v 0 0.20646006332191458 1.179601820422107
v 1 0.20646006332191458 1.179601820422107
v 1 0.16751493667808548 1.3297731795778929
v 1 0.20711455971462656 1.3296003925302171
v 0 0.16751493667808548 1.3297731795778929
v 0 0.20711455971462656 1.3296003925302171
v 1 0.20625000000000004 -0.2650875
v 0 0.20625000000000004 -0.2650875
v 0 0.30000000000000004 -0.2650875
v 1 0.30000000000000004 -0.2650875
v 1 0.20625000000000004 -0.24428749999999994
v 1 0.30000000000000004 -0.24428749999999994
v 0 0.20625000000000004 -0.24428749999999994
v 0 0.30000000000000004 -0.24428749999999994
v 1 0.16751493667808548 -0.3297731795778931
v 0 0.16751493667808548 -0.3297731795778931
v 0 0.20711455971462656 -0.3296003925302171
v 1 0.20711455971462656 -0.3296003925302171
v 1 0.1668604402853735 -0.1797746074697829
v 1 0.20646006332191458 -0.17960182042210693
v 0 0.1668604402853735 -0.1797746074697829
v 0 0.20646006332191458 -0.17960182042210693
v 1 0.3001594635495417 -0.2912800910340719
v 0 0.3001594635495417 -0.2912800910340719
v 0 0.3427590580282449 -0.2910942140585417
v 1 0.3427590580282449 -0.2910942140585417
v 1 0.29984094197175515 -0.21828078594145833
v 1 0.34244053645045835 -0.2180949089659281
v 0 0.29984094197175515 -0.21828078594145833
v 0 0.34244053645045835 -0.2180949089659281
vt 0.3125 0.75
vt 0.5 0.75
vt 0.5 0.765625
vt 0.3125 0.765625
vt 0.3125 0.71875
vt 0.375 0.71875
vt 0.375 0.734375
vt 0.3125 0.734375
vt 0.3125 0.765625
vt 0.5 0.765625
vt 0.5 0.78125
vt 0.3125 0.78125
vt 0.3125 0.703125
vt 0.375 0.703125
vt 0.375 0.71875
vt 0.3125 0.71875
vt 0.25 0.875
vt 0.25 0.6875
vt 0.3125 0.6875
vt 0.3125 0.875
vt 0.1875 0.6875
vt 0.1875 0.5
vt 0.125 0.5
vt 0.125 0.6875
vt 0.3125 0.78125
vt 0.5 0.78125
vt 0.5 0.796875
vt 0.3125 0.796875
vt 0.25 0.671875
vt 0.3125 0.671875
vt 0.3125 0.6875
vt 0.25 0.6875
vt 0.3125 0.796875
vt 0.5 0.796875
vt 0.5 0.8125
vt 0.3125 0.8125
vt 0.3125 0.734375
vt 0.375 0.734375
vt 0.375 0.75
vt 0.3125 0.75
vt 0.125 0.875
vt 0.125 0.6875
vt 0.1875 0.6875
vt 0.1875 0.875
vt 0.25 0.875
vt 0.25 0.6875
vt 0.1875 0.6875
vt 0.1875 0.875
vt 0 0.875
vt 0.625 0.875
vt 0.625 0.9375
vt 0 0.9375
vt 0.3125 0.8125
vt 0.375 0.8125
vt 0.375 0.875
vt 0.3125 0.875
vt 0 0.9375
vt 0.625 0.9375
vt 0.625 1
vt 0 1
vt 0.1875 0.625
vt 0.25 0.625
vt 0.25 0.6875
vt 0.1875 0.6875
vt 0 0.875
vt 0 0.25
vt 0.0625 0.25
vt 0.0625 0.875
vt 0.125 0.875
vt 0.125 0.25
vt 0.0625 0.25
vt 0.0625 0.875
vt 0.3125 0.75
vt 0.5 0.75
vt 0.5 0.765625
vt 0.3125 0.765625
vt 0.3125 0.71875
vt 0.375 0.71875
vt 0.375 0.734375
vt 0.3125 0.734375
vt 0.3125 0.765625
vt 0.5 0.765625
vt 0.5 0.78125
vt 0.3125 0.78125
vt 0.3125 0.703125
vt 0.375 0.703125
vt 0.375 0.71875
vt 0.3125 0.71875
vt 0.25 0.875
vt 0.25 0.6875
vt 0.3125 0.6875
vt 0.3125 0.875
vt 0.1875 0.6875
vt 0.1875 0.5
vt 0.125 0.5
vt 0.125 0.6875
vt 0.3125 0.78125
vt 0.5 0.78125
vt 0.5 0.796875
vt 0.3125 0.796875
vt 0.25 0.671875
vt 0.3125 0.671875
vt 0.3125 0.6875
vt 0.25 0.6875
vt 0.3125 0.796875
vt 0.5 0.796875
vt 0.5 0.8125
vt 0.3125 0.8125
vt 0.3125 0.734375
vt 0.375 0.734375
vt 0.375 0.75
vt 0.3125 0.75
vt 0.125 0.875
vt 0.125 0.6875
vt 0.1875 0.6875
vt 0.1875 0.875
vt 0.25 0.875
vt 0.25 0.6875
vt 0.1875 0.6875
vt 0.1875 0.875
vt 0 0.875
vt 0.625 0.875
vt 0.625 0.9375
vt 0 0.9375
vt 0.3125 0.8125
vt 0.375 0.8125
vt 0.375 0.875
vt 0.3125 0.875
vt 0 0.9375
vt 0.625 0.9375
vt 0.625 1
vt 0 1
vt 0.1875 0.625
vt 0.25 0.625
vt 0.25 0.6875
vt 0.1875 0.6875
vt 0 0.875
vt 0 0.25
vt 0.0625 0.25
vt 0.0625 0.875
vt 0.125 0.875
vt 0.125 0.25
vt 0.0625 0.25
vt 0.0625 0.875
vt 0.3125 0.75
vt 0.5 0.75
vt 0.5 0.765625
vt 0.3125 0.765625
vt 0.3125 0.71875
vt 0.375 0.71875
vt 0.375 0.734375
vt 0.3125 0.734375
vt 0.3125 0.765625
vt 0.5 0.765625
vt 0.5 0.78125
vt 0.3125 0.78125
vt 0.3125 0.703125
vt 0.375 0.703125
vt 0.375 0.71875
vt 0.3125 0.71875
vt 0.25 0.875
vt 0.25 0.6875
vt 0.3125 0.6875
vt 0.3125 0.875
vt 0.1875 0.6875
vt 0.1875 0.5
vt 0.125 0.5
vt 0.125 0.6875
vt 0.3125 0.78125
vt 0.5 0.78125
vt 0.5 0.796875
vt 0.3125 0.796875
vt 0.25 0.671875
vt 0.3125 0.671875
vt 0.3125 0.6875
vt 0.25 0.6875
vt 0.3125 0.796875
vt 0.5 0.796875
vt 0.5 0.8125
vt 0.3125 0.8125
vt 0.3125 0.734375
vt 0.375 0.734375
vt 0.375 0.75
vt 0.3125 0.75
vt 0.125 0.875
vt 0.125 0.6875
vt 0.1875 0.6875
vt 0.1875 0.875
vt 0.25 0.875
vt 0.25 0.6875
vt 0.1875 0.6875
vt 0.1875 0.875
vt 0 0.875
vt 0.625 0.875
vt 0.625 0.9375
vt 0 0.9375
vt 0.3125 0.8125
vt 0.375 0.8125
vt 0.375 0.875
vt 0.3125 0.875
vt 0 0.9375
vt 0.625 0.9375
vt 0.625 1
vt 0 1
vt 0.1875 0.625
vt 0.25 0.625
vt 0.25 0.6875
vt 0.1875 0.6875
vt 0 0.875
vt 0 0.25
vt 0.0625 0.25
vt 0.0625 0.875
vt 0.125 0.875
vt 0.125 0.25
vt 0.0625 0.25
vt 0.0625 0.875
vt 0.25 0.671875
vt 0.3125 0.671875
vt 0.3125 0.6875
vt 0.25 0.6875
vt 0.3125 0.796875
vt 0.5 0.796875
vt 0.5 0.8125
vt 0.3125 0.8125
vt 0.3125 0.734375
vt 0.375 0.734375
vt 0.375 0.75
vt 0.3125 0.75
vt 0.3125 0.78125
vt 0.5 0.78125
vt 0.5 0.796875
vt 0.3125 0.796875
vt 0.1875 0.875
vt 0.125 0.875
vt 0.125 0.6875
vt 0.1875 0.6875
vt 0.25 0.6875
vt 0.1875 0.6875
vt 0.1875 0.875
vt 0.25 0.875
vt 0.3125 0.8125
vt 0.375 0.8125
vt 0.375 0.875
vt 0.3125 0.875
vt 0 0.9375
vt 0.625 0.9375
vt 0.625 1
vt 0 1
vt 0.1875 0.625
vt 0.25 0.625
vt 0.25 0.6875
vt 0.1875 0.6875
vt 0 0.875
vt 0.625 0.875
vt 0.625 0.9375
vt 0 0.9375
vt 0.0625 0.875
vt 0 0.875
vt 0 0.25
vt 0.0625 0.25
vt 0.125 0.25
vt 0.0625 0.25
vt 0.0625 0.875
vt 0.125 0.875
vt 0.3125 0.71875
vt 0.375 0.71875
vt 0.375 0.734375
vt 0.3125 0.734375
vt 0.3125 0.765625
vt 0.5 0.765625
vt 0.5 0.78125
vt 0.3125 0.78125
vt 0.3125 0.703125
vt 0.375 0.703125
vt 0.375 0.71875
vt 0.3125 0.71875
vt 0.3125 0.75
vt 0.5 0.75
vt 0.5 0.765625
vt 0.3125 0.765625
vt 0.3125 0.875
vt 0.25 0.875
vt 0.25 0.6875
vt 0.3125 0.6875
vt 0.1875 0.5
vt 0.125 0.5
vt 0.125 0.6875
vt 0.1875 0.6875
vt 0.25 0.671875
vt 0.3125 0.671875
vt 0.3125 0.6875
vt 0.25 0.6875
vt 0.3125 0.796875
vt 0.5 0.796875
vt 0.5 0.8125
vt 0.3125 0.8125
vt 0.3125 0.734375
vt 0.375 0.734375
vt 0.375 0.75
vt 0.3125 0.75
vt 0.3125 0.78125
vt 0.5 0.78125
vt 0.5 0.796875
vt 0.3125 0.796875
vt 0.1875 0.875
vt 0.125 0.875
vt 0.125 0.6875
vt 0.1875 0.6875
vt 0.25 0.6875
vt 0.1875 0.6875
vt 0.1875 0.875
vt 0.25 0.875
vt 0.3125 0.8125
vt 0.375 0.8125
vt 0.375 0.875
vt 0.3125 0.875
vt 0 0.9375
vt 0.625 0.9375
vt 0.625 1
vt 0 1
vt 0.1875 0.625
vt 0.25 0.625
vt 0.25 0.6875
vt 0.1875 0.6875
vt 0 0.875
vt 0.625 0.875
vt 0.625 0.9375
vt 0 0.9375
vt 0.0625 0.875
vt 0 0.875
vt 0 0.25
vt 0.0625 0.25
vt 0.125 0.25
vt 0.0625 0.25
vt 0.0625 0.875
vt 0.125 0.875
vt 0.3125 0.71875
vt 0.375 0.71875
vt 0.375 0.734375
vt 0.3125 0.734375
vt 0.3125 0.765625
vt 0.5 0.765625
vt 0.5 0.78125
vt 0.3125 0.78125
vt 0.3125 0.703125
vt 0.375 0.703125
vt 0.375 0.71875
vt 0.3125 0.71875
vt 0.3125 0.75
vt 0.5 0.75
vt 0.5 0.765625
vt 0.3125 0.765625
vt 0.3125 0.875
vt 0.25 0.875
vt 0.25 0.6875
vt 0.3125 0.6875
vt 0.1875 0.5
vt 0.125 0.5
vt 0.125 0.6875
vt 0.1875 0.6875
vt 0.5 0.9609375
vt 0.5 0.96875
vt 1 0.96875
vt 1 0.9609375
vt 1 0.9296875
vt 1 0.9375
vt 0.5 0.9375
vt 0.5 0.9296875
vt 0.5 0.96875
vt 0.5 0.9609375
vt 1 0.9609375
vt 1 0.96875
vt 1 0.9375
vt 1 0.9296875
vt 0.5 0.9296875
vt 0.5 0.9375
vt 0.578125 0.8515625
vt 0.5 0.8515625
vt 0.5 0.875
vt 0.578125 0.875
vt 0.5 0.5078125
vt 0 0.5078125
vt 0 0.53125
vt 0.5 0.53125
vt 0.578125 0.8828125
vt 0.5 0.8828125
vt 0.5 0.90625
vt 0.578125 0.90625
vt 0.5 0.5390625
vt 0 0.5390625
vt 0 0.5625
vt 0.5 0.5625
vt 0 0.921875
vt 0 1
vt 0.5 1
vt 0.5 0.921875
vt 0.5 0.828125
vt 0.5 0.90625
vt 0 0.90625
vt 0 0.828125
vt 0.5078125 0.671875
vt 0.5 0.671875
vt 0.5 0.71875
vt 0.5078125 0.71875
vt 0.5 0.703125
vt 0 0.703125
vt 0 0.75
vt 0.5 0.75
vt 0.5078125 0.734375
vt 0.5 0.734375
vt 0.5 0.78125
vt 0.5078125 0.78125
vt 0.5 0.765625
vt 0 0.765625
vt 0 0.8125
vt 0.5 0.8125
vt 0.5390625 0.7890625
vt 0.5 0.7890625
vt 0.5 0.8125
vt 0.5390625 0.8125
vt 1 0.9765625
vt 0.5 0.9765625
vt 0.5 1
vt 1 1
vt 0.5390625 0.8203125
vt 0.5 0.8203125
vt 0.5 0.84375
vt 0.5390625 0.84375
vt 0.5 0.4765625
vt 0 0.4765625
vt 0 0.5
vt 0.5 0.5
vt 0 0.6484375
vt 0 0.6875
vt 0.5 0.6875
vt 0.5 0.6484375
vt 0.5 0.5859375
vt 0.5 0.625
vt 0 0.625
vt 0 0.5859375
vt 0.5 0.8515625
vt 0.578125 0.8515625
vt 0.578125 0.875
vt 0.5 0.875
vt 0 0.5390625
vt 0.5 0.5390625
vt 0.5 0.5625
vt 0 0.5625
vt 0.5 0.8828125
vt 0.578125 0.8828125
vt 0.578125 0.90625
vt 0.5 0.90625
vt 0 0.5078125
vt 0.5 0.5078125
vt 0.5 0.53125
vt 0 0.53125
vt 0 1
vt 0 0.921875
vt 0.5 0.921875
vt 0.5 1
vt 0.5 0.90625
vt 0.5 0.828125
vt 0 0.828125
vt 0 0.90625
vt 0.5 0.671875
vt 0.5078125 0.671875
vt 0.5078125 0.71875
vt 0.5 0.71875
vt 0 0.765625
vt 0.5 0.765625
vt 0.5 0.8125
vt 0 0.8125
vt 0.5 0.734375
vt 0.5078125 0.734375
vt 0.5078125 0.78125
vt 0.5 0.78125
vt 0 0.703125
vt 0.5 0.703125
vt 0.5 0.75
vt 0 0.75
vt 0.5 0.7890625
vt 0.5390625 0.7890625
vt 0.5390625 0.8125
vt 0.5 0.8125
vt 0 0.4765625
vt 0.5 0.4765625
vt 0.5 0.5
vt 0 0.5
vt 0.5 0.8203125
vt 0.5390625 0.8203125
vt 0.5390625 0.84375
vt 0.5 0.84375
vt 0.5 0.9765625
vt 1 0.9765625
vt 1 1
vt 0.5 1
vt 0 0.6875
vt 0 0.6484375
vt 0.5 0.6484375
vt 0.5 0.6875
vt 0.5 0.625
vt 0.5 0.5859375
vt 0 0.5859375
vt 0 0.625
vt 0.5 0.703125
vt 0 0.703125
vt 0 0.75
vt 0.5 0.75
vt 0.5078125 0.734375
vt 0.5 0.734375
vt 0.5 0.78125
vt 0.5078125 0.78125
vt 0.5 0.765625
vt 0 0.765625
vt 0 0.8125
vt 0.5 0.8125
vt 0.5078125 0.671875
vt 0.5 0.671875
vt 0.5 0.71875
vt 0.5078125 0.71875
vt 1 0.9609375
vt 0.5 0.9609375
vt 0.5 0.96875
vt 1 0.96875
vt 1 0.9375
vt 0.5 0.9375
vt 0.5 0.9296875
vt 1 0.9296875
vt 1 0.9765625
vt 0.5 0.9765625
vt 0.5 1
vt 1 1
vt 0.5390625 0.8203125
vt 0.5 0.8203125
vt 0.5 0.84375
vt 0.5390625 0.84375
vt 0.5 0.4765625
vt 0 0.4765625
vt 0 0.5
vt 0.5 0.5
vt 0.5390625 0.7890625
vt 0.5 0.7890625
vt 0.5 0.8125
vt 0.5390625 0.8125
vt 0.5 0.6484375
vt 0 0.6484375
vt 0 0.6875
vt 0.5 0.6875
vt 0.5 0.625
vt 0 0.625
vt 0 0.5859375
vt 0.5 0.5859375
vt 0.5 0.5078125
vt 0 0.5078125
vt 0 0.53125
vt 0.5 0.53125
vt 0.578125 0.8828125
vt 0.5 0.8828125
vt 0.5 0.90625
vt 0.578125 0.90625
vt 0.5 0.5390625
vt 0 0.5390625
vt 0 0.5625
vt 0.5 0.5625
vt 0.578125 0.8515625
vt 0.5 0.8515625
vt 0.5 0.875
vt 0.578125 0.875
vt 0.5 0.921875
vt 0 0.921875
vt 0 1
vt 0.5 1
vt 0.5 0.90625
vt 0 0.90625
vt 0 0.828125
vt 0.5 0.828125
vt 0 0.765625
vt 0.5 0.765625
vt 0.5 0.8125
vt 0 0.8125
vt 0.5 0.734375
vt 0.5078125 0.734375
vt 0.5078125 0.78125
vt 0.5 0.78125
vt 0 0.703125
vt 0.5 0.703125
vt 0.5 0.75
vt 0 0.75
vt 0.5 0.671875
vt 0.5078125 0.671875
vt 0.5078125 0.71875
vt 0.5 0.71875
vt 1 0.96875
vt 0.5 0.96875
vt 0.5 0.9609375
vt 1 0.9609375
vt 1 0.9296875
vt 0.5 0.9296875
vt 0.5 0.9375
vt 1 0.9375
vt 0 0.5390625
vt 0.5 0.5390625
vt 0.5 0.5625
vt 0 0.5625
vt 0.5 0.8828125
vt 0.578125 0.8828125
vt 0.578125 0.90625
vt 0.5 0.90625
vt 0 0.5078125
vt 0.5 0.5078125
vt 0.5 0.53125
vt 0 0.53125
vt 0.5 0.8515625
vt 0.578125 0.8515625
vt 0.578125 0.875
vt 0.5 0.875
vt 0.5 1
vt 0 1
vt 0 0.921875
vt 0.5 0.921875
vt 0.5 0.828125
vt 0 0.828125
vt 0 0.90625
vt 0.5 0.90625
vt 0 0.4765625
vt 0.5 0.4765625
vt 0.5 0.5
vt 0 0.5
vt 0.5 0.8203125
vt 0.5390625 0.8203125
vt 0.5390625 0.84375
vt 0.5 0.84375
vt 0.5 0.9765625
vt 1 0.9765625
vt 1 1
vt 0.5 1
vt 0.5 0.7890625
vt 0.5390625 0.7890625
vt 0.5390625 0.8125
vt 0.5 0.8125
vt 0.5 0.6875
vt 0 0.6875
vt 0 0.6484375
vt 0.5 0.6484375
vt 0.5 0.5859375
vt 0 0.5859375
vt 0 0.625
vt 0.5 0.625
vn 0.7071067811865474 0 -0.7071067811865478
vn 0.7071067811865448 0 0.7071067811865503
vn -0.7071067811865474 0 0.7071067811865478
vn -0.7071067811865481 0 -0.707106781186547
vn 0 1 0
vn 0 -1 0
vn 0.7071067811865472 0 -0.7071067811865478
vn 0.7071067811865472 0 0.7071067811865479
vn -0.7071067811865475 0 0.7071067811865476
vn -0.7071067811865468 0 -0.7071067811865482
vn 0 1 0
vn 0 -1 0
vn 0.7071067811865475 0 -0.7071067811865476
vn 0.7071067811865478 0 0.7071067811865472
vn -0.7071067811865474 0 0.7071067811865477
vn -0.7071067811865495 0 -0.7071067811865457
vn 0 1 0
vn 0 -1 0
vn 0.7071067811865474 0 -0.7071067811865478
vn 0.7071067811865481 0 0.707106781186547
vn -0.7071067811865474 0 0.7071067811865478
vn -0.7071067811865487 0 -0.7071067811865465
vn 0 1 0
vn 0 -1 0
vn 0.7071067811865477 0 -0.7071067811865474
vn 0.7071067811865476 0 0.7071067811865476
vn -0.7071067811865476 0 0.7071067811865476
vn -0.7071067811865501 0 -0.707106781186545
vn 0 1 0
vn 0 -1 0
vn 0.7071067811865476 0 -0.7071067811865476
vn 0.7071067811865466 0 0.7071067811865486
vn -0.7071067811865475 0 0.7071067811865476
vn -0.7071067811865491 0 -0.707106781186546
vn 0 1 0
vn 0 -1 0
vn 0.7071067811865475 0 -0.7071067811865476
vn 0.7071067811865476 0 0.7071067811865476
vn -0.7071067811865474 0 0.7071067811865477
vn -0.7071067811865476 0 -0.7071067811865476
vn 0 1 0
vn 0 -1 0
vn 0.7071067811865477 0 -0.7071067811865475
vn 0.7071067811865478 0 0.7071067811865472
vn -0.7071067811865478 0 0.7071067811865475
vn -0.7071067811865479 0 -0.7071067811865471
vn 0 1 0
vn 0 -1 0
vn 0.7071067811865474 0 -0.7071067811865477
vn 0.7071067811865462 0 0.7071067811865488
vn -0.7071067811865476 0 0.7071067811865475
vn -0.7071067811865491 0 -0.707106781186546
vn 0 1 0
vn 0 -1 0
vn 0 0 -1
vn 1 0 0
vn 0 0 1
vn -1 0 0
vn 0 1 0
vn 0 -1 0
vn 0 0 -1
vn 1 0 0
vn 0 0 1
vn -1 0 0
vn 0 1 0
vn 0 -1 0
vn 0 0 -1
vn 1 0 0
vn 0 0 1
vn -1 0 0
vn 0 1 0
vn 0 -1 0
vn 0 0 -1
vn 1 0 0
vn 0 0 1
vn -1 0 0
vn 0 1 0
vn 0 -1 0
vn 0 0 -1
vn 1 0 0
vn 0 0 1
vn -1 0 0
vn 0 1 0
vn 0 -1 0
vn 0 0 -1
vn 1 0 0
vn 0 0 1
vn -1 0 0
vn 0 1 0
vn 0 -1 0
vn 0 1 0
vn 0 -1 0
vn 0 1 0
vn 0 -1 0
vn 0.7071067811865481 0 -0.707106781186547
vn 0.7071067811865476 0 0.7071067811865475
vn -0.7071067811865479 0 0.7071067811865471
vn -0.7071067811865475 0 -0.7071067811865477
vn 0 1 0
vn 0 -1 0
vn 0.7071067811865476 0 -0.7071067811865476
vn 0.7071067811865475 0 0.7071067811865476
vn -0.7071067811865462 0 0.7071067811865489
vn -0.7071067811865477 0 -0.7071067811865474
vn 0.7071067811865449 0 -0.7071067811865501
vn 0.7071067811865476 0 0.7071067811865476
vn -0.7071067811865529 0 0.7071067811865421
vn -0.7071067811865476 0 -0.7071067811865476
vn 0 1 0
vn 0 -1 0
vn 0.7071067811865492 0 -0.7071067811865459
vn 0.7071067811865474 0 0.7071067811865478
vn -0.7071067811865454 0 0.7071067811865497
vn -0.7071067811865476 0 -0.7071067811865475
vn 0 1 0
vn 0 -1 0
vn 0.7071067811865556 0 -0.7071067811865396
vn 0.7071067811865475 0 0.7071067811865477
vn -0.7071067811865449 0 0.7071067811865502
vn -0.7071067811865478 0 -0.7071067811865474
vn 0.7071067811865491 0 -0.707106781186546
vn 0.7071067811865474 0 0.7071067811865477
vn -0.7071067811865506 0 0.7071067811865445
vn -0.7071067811865474 0 -0.7071067811865477
vn 0 1 0
vn 0 -1 0
vn 0 0 -1
vn 1 0 0
vn 0 0 1
vn -1 0 0
vn 0 1 0
vn 0 -1 0
vn 0 -0.004363309284743551 -0.9999904807207347
vn 1 0 0
vn 0 0.004363309284743551 0.9999904807207347
vn -1 0 0
vn 0 0.9999904807207345 -0.0043633092847473525
vn 0 -0.9999904807207345 0.0043633092847473525
vn 0 -0.004363309284741411 -0.9999904807207347
vn 1 0 0
vn 0 0.004363309284741411 0.9999904807207347
vn -1 0 0
vn 0 0.9999904807207346 -0.004363309284746527
vn 0 -0.9999904807207346 0.004363309284746527
vn 0 0 -1
vn 1 0 0
vn 0 0 1
vn -1 0 0
vn 0 1 0
vn 0 -1 0
vn 0 0.004363309284747018 -0.9999904807207345
vn 1 0 0
vn 0 -0.004363309284747018 0.9999904807207345
vn -1 0 0
vn 0 0.9999904807207346 0.004363309284746523
vn 0 -0.9999904807207346 -0.004363309284746523
vn 0 0.0043633092847461565 -0.9999904807207345
vn 1 0 0
vn 0 -0.004363309284747459 0.9999904807207345
vn -1 0 0
vn 0 0.9999904807207345 0.004363309284747355
vn 0 -0.9999904807207345 -0.004363309284747359
usemtl m_95eea467-5dc3-3ab4-7214-98ef0b5f78d8
f 1/1/1 2/2/1 3/3/1 4/4/1
f 5/5/2 1/6/2 4/7/2 6/8/2
f 7/9/3 5/10/3 6/11/3 8/12/3
f 2/13/4 7/14/4 8/15/4 3/16/4
f 8/17/5 6/18/5 4/19/5 3/20/5
f 2/21/6 1/22/6 5/23/6 7/24/6
f 9/25/7 10/26/7 11/27/7 12/28/7
f 13/29/8 9/30/8 12/31/8 14/32/8
f 15/33/9 13/34/9 14/35/9 16/36/9
f 10/37/10 15/38/10 16/39/10 11/40/10
f 16/41/11 14/42/11 12/43/11 11/44/11
f 10/45/12 9/46/12 13/47/12 15/48/12
f 17/49/13 18/50/13 19/51/13 20/52/13
f 21/53/14 17/54/14 20/55/14 22/56/14
f 23/57/15 21/58/15 22/59/15 24/60/15
f 18/61/16 23/62/16 24/63/16 19/64/16
f 24/65/17 22/66/17 20/67/17 19/68/17
f 18/69/18 17/70/18 21/71/18 23/72/18
f 25/73/19 26/74/19 27/75/19 28/76/19
f 29/77/20 25/78/20 28/79/20 30/80/20
f 31/81/21 29/82/21 30/83/21 32/84/21
f 26/85/22 31/86/22 32/87/22 27/88/22
f 32/89/23 30/90/23 28/91/23 27/92/23
f 26/93/24 25/94/24 29/95/24 31/96/24
f 33/97/25 34/98/25 35/99/25 36/100/25
f 37/101/26 33/102/26 36/103/26 38/104/26
f 39/105/27 37/106/27 38/107/27 40/108/27
f 34/109/28 39/110/28 40/111/28 35/112/28
f 40/113/29 38/114/29 36/115/29 35/116/29
f 34/117/30 33/118/30 37/119/30 39/120/30
f 41/121/31 42/122/31 43/123/31 44/124/31
f 45/125/32 41/126/32 44/127/32 46/128/32
f 47/129/33 45/130/33 46/131/33 48/132/33
f 42/133/34 47/134/34 48/135/34 43/136/34
f 48/137/35 46/138/35 44/139/35 43/140/35
f 42/141/36 41/142/36 45/143/36 47/144/36
f 49/145/37 50/146/37 51/147/37 52/148/37
f 53/149/38 49/150/38 52/151/38 54/152/38
f 55/153/39 53/154/39 54/155/39 56/156/39
f 50/157/40 55/158/40 56/159/40 51/160/40
f 56/161/41 54/162/41 52/163/41 51/164/41
f 50/165/42 49/166/42 53/167/42 55/168/42
f 57/169/43 58/170/43 59/171/43 60/172/43
f 61/173/44 57/174/44 60/175/44 62/176/44
f 63/177/45 61/178/45 62/179/45 64/180/45
f 58/181/46 63/182/46 64/183/46 59/184/46
f 64/185/47 62/186/47 60/187/47 59/188/47
f 58/189/48 57/190/48 61/191/48 63/192/48
f 65/193/49 66/194/49 67/195/49 68/196/49
f 69/197/50 65/198/50 68/199/50 70/200/50
f 71/201/51 69/202/51 70/203/51 72/204/51
f 66/205/52 71/206/52 72/207/52 67/208/52
f 72/209/53 70/210/53 68/211/53 67/212/53
f 66/213/54 65/214/54 69/215/54 71/216/54
f 73/217/55 74/218/55 75/219/55 76/220/55
f 77/221/56 73/222/56 76/223/56 78/224/56
f 79/225/57 77/226/57 78/227/57 80/228/57
f 74/229/58 79/230/58 80/231/58 75/232/58
f 80/233/59 78/234/59 76/235/59 75/236/59
f 74/237/60 73/238/60 77/239/60 79/240/60
f 81/241/61 82/242/61 83/243/61 84/244/61
f 85/245/62 81/246/62 84/247/62 86/248/62
f 87/249/63 85/250/63 86/251/63 88/252/63
f 82/253/64 87/254/64 88/255/64 83/256/64
f 88/257/65 86/258/65 84/259/65 83/260/65
f 82/261/66 81/262/66 85/263/66 87/264/66
f 89/265/67 90/266/67 91/267/67 92/268/67
f 93/269/68 89/270/68 92/271/68 94/272/68
f 95/273/69 93/274/69 94/275/69 96/276/69
f 90/277/70 95/278/70 96/279/70 91/280/70
f 96/281/71 94/282/71 92/283/71 91/284/71
f 90/285/72 89/286/72 93/287/72 95/288/72
f 97/289/73 98/290/73 99/291/73 100/292/73
f 101/293/74 97/294/74 100/295/74 102/296/74
f 103/297/75 101/298/75 102/299/75 104/300/75
f 98/301/76 103/302/76 104/303/76 99/304/76
f 104/305/77 102/306/77 100/307/77 99/308/77
f 98/309/78 97/310/78 101/311/78 103/312/78
f 105/313/79 106/314/79 107/315/79 108/316/79
f 109/317/80 105/318/80 108/319/80 110/320/80
f 111/321/81 109/322/81 110/323/81 112/324/81
f 106/325/82 111/326/82 112/327/82 107/328/82
f 112/329/83 110/330/83 108/331/83 107/332/83
f 106/333/84 105/334/84 109/335/84 111/336/84
f 113/337/85 114/338/85 115/339/85 116/340/85
f 117/341/86 113/342/86 116/343/86 118/344/86
f 119/345/87 117/346/87 118/347/87 120/348/87
f 114/349/88 119/350/88 120/351/88 115/352/88
f 120/353/89 118/354/89 116/355/89 115/356/89
f 114/357/90 113/358/90 117/359/90 119/360/90
usemtl m_b5df1073-8daa-d456-1a78-fea5c1418af3
f 121/361/91 122/362/91 123/363/91 124/364/91
f 125/365/92 126/366/92 127/367/92 128/368/92
f 129/369/93 130/370/93 131/371/93 132/372/93
f 133/373/94 134/374/94 135/375/94 136/376/94
f 137/377/95 138/378/95 139/379/95 140/380/95
f 141/381/96 137/382/96 140/383/96 142/384/96
f 143/385/97 141/386/97 142/387/97 144/388/97
f 138/389/98 143/390/98 144/391/98 139/392/98
f 144/393/99 142/394/99 140/395/99 139/396/99
f 138/397/100 137/398/100 141/399/100 143/400/100
f 126/401/101 125/402/101 124/403/101 123/404/101
f 127/405/102 126/406/102 123/407/102 122/408/102
f 128/409/103 127/410/103 122/411/103 121/412/103
f 125/413/104 128/414/104 121/415/104 124/416/104
f 145/417/105 146/418/105 147/419/105 148/420/105
f 149/421/106 145/422/106 148/423/106 150/424/106
f 151/425/107 149/426/107 150/427/107 152/428/107
f 146/429/108 151/430/108 152/431/108 147/432/108
f 152/433/109 150/434/109 148/435/109 147/436/109
f 146/437/110 145/438/110 149/439/110 151/440/110
f 153/441/111 154/442/111 155/443/111 156/444/111
f 157/445/112 153/446/112 156/447/112 158/448/112
f 159/449/113 157/450/113 158/451/113 160/452/113
f 154/453/114 159/454/114 160/455/114 155/456/114
f 160/457/115 158/458/115 156/459/115 155/460/115
f 154/461/116 153/462/116 157/463/116 159/464/116
f 134/465/117 133/466/117 132/467/117 131/468/117
f 135/469/118 134/470/118 131/471/118 130/472/118
f 136/473/119 135/474/119 130/475/119 129/476/119
f 133/477/120 136/478/120 129/479/120 132/480/120
f 161/481/121 162/482/121 163/483/121 164/484/121
f 165/485/122 161/486/122 164/487/122 166/488/122
f 167/489/123 165/490/123 166/491/123 168/492/123
f 162/493/124 167/494/124 168/495/124 163/496/124
f 168/497/125 166/498/125 164/499/125 163/500/125
f 162/501/126 161/502/126 165/503/126 167/504/126
f 169/505/127 170/506/127 171/507/127 172/508/127
f 173/509/128 169/510/128 172/511/128 174/512/128
f 175/513/129 173/514/129 174/515/129 176/516/129
f 170/517/130 175/518/130 176/519/130 171/520/130
f 176/521/131 174/522/131 172/523/131 171/524/131
f 170/525/132 169/526/132 173/527/132 175/528/132
f 177/529/133 178/530/133 179/531/133 180/532/133
f 181/533/134 177/534/134 180/535/134 182/536/134
f 183/537/135 181/538/135 182/539/135 184/540/135
f 178/541/136 183/542/136 184/543/136 179/544/136
f 184/545/137 182/546/137 180/547/137 179/548/137
f 178/549/138 177/550/138 181/551/138 183/552/138
f 185/553/139 186/554/139 187/555/139 188/556/139
f 189/557/140 185/558/140 188/559/140 190/560/140
f 191/561/141 189/562/141 190/563/141 192/564/141
f 186/565/142 191/566/142 192/567/142 187/568/142
f 192/569/143 190/570/143 188/571/143 187/572/143
f 186/573/144 185/574/144 189/575/144 191/576/144
f 193/577/145 194/578/145 195/579/145 196/580/145
f 197/581/146 193/582/146 196/583/146 198/584/146
f 199/585/147 197/586/147 198/587/147 200/588/147
f 194/589/148 199/590/148 200/591/148 195/592/148
f 200/593/149 198/594/149 196/595/149 195/596/149
f 194/597/150 193/598/150 197/599/150 199/600/150
f 201/601/151 202/602/151 203/603/151 204/604/151
f 205/605/152 201/606/152 204/607/152 206/608/152
f 207/609/153 205/610/153 206/611/153 208/612/153
f 202/613/154 207/614/154 208/615/154 203/616/154
f 208/617/155 206/618/155 204/619/155 203/620/155
f 202/621/156 201/622/156 205/623/156 207/624/156
f 209/625/157 210/626/157 211/627/157 212/628/157
f 213/629/158 209/630/158 212/631/158 214/632/158
f 215/633/159 213/634/159 214/635/159 216/636/159
f 210/637/160 215/638/160 216/639/160 211/640/160
f 216/641/161 214/642/161 212/643/161 211/644/161
f 210/645/162 209/646/162 213/647/162 215/648/162