# Made in Blockbench 4.7.4
mtllib diag.mtl

o cube
v 1.6386950951958066 0.12749999999999995 -0.12992863895710982
v 1.0895824854306284 0.12749999999999995 0.4191839708080687
v 1.0895824854306284 0.16900000000000004 0.4191839708080687
v 1.6386950951958066 0.16900000000000004 -0.12992863895710982
v 1.7942585870568468 0.12749999999999995 0.025634852903930527
v 1.7942585870568468 0.16900000000000004 0.025634852903930527
v 1.2451459772916689 0.12749999999999995 0.5747474626691089
v 1.2451459772916689 0.16900000000000004 0.5747474626691089
v -0.48925437443746084 0.16718750000000004 0.4711121250514547
v -0.5953203916154428 0.16718750000000004 0.5771781422294366
v -0.5953203916154428 0.2067875 0.5771781422294366
v -0.48925437443746084 0.2067875 0.4711121250514547
v 0.5283164778638056 0.16718750000000004 1.4886829773527208
v 0.5283164778638056 0.2067875 1.4886829773527208
v 0.4222504606858235 0.16718750000000004 1.5947489945307032
v 0.4222504606858235 0.2067875 1.5947489945307032
v -0.5349334725021118 0.20625000000000004 0.5167912231161056
v -0.5496412935507919 0.20625000000000004 0.5314990441647858
v -0.5496412935507919 0.30000000000000004 0.5314990441647858
v -0.5349334725021118 0.30000000000000004 0.5167912231161056
v 0.48263737979915455 0.20625000000000004 1.5343620754173717
v 0.48263737979915455 0.30000000000000004 1.5343620754173717
v 0.4679295587504745 0.20625000000000004 1.5490698964660519
v 0.4679295587504745 0.30000000000000004 1.5490698964660519
v -0.516477985513143 0.30000000000000004 0.4983357361271368
v -0.5680967805397608 0.30000000000000004 0.5499545311537548
v -0.5680967805397608 0.3426 0.5499545311537548
v -0.516477985513143 0.3426 0.4983357361271368
v 0.5010928667881236 0.30000000000000004 1.515906588428403
v 0.5010928667881236 0.3426 1.515906588428403
v 0.44947407176150556 0.30000000000000004 1.567525383455021
v 0.44947407176150556 0.3426 1.567525383455021
v 0.5780349234159843 0.16718750000000004 -0.5961771728019905
v 0.47196890623800225 0.16718750000000004 -0.4901111556240084
v 0.47196890623800225 0.2067875 -0.4901111556240084
v 0.5780349234159843 0.2067875 -0.5961771728019905
v 1.5956057757172504 0.16718750000000004 0.42139367949927575
v 1.5956057757172504 0.2067875 0.42139367949927575
v 1.4895397585392685 0.16718750000000004 0.5274596966772578
v 1.4895397585392685 0.2067875 0.5274596966772578
v 0.5323558253513334 0.20625000000000004 -0.5504980747373395
v 0.5176480043026532 0.20625000000000004 -0.5357902536886593
v 0.5176480043026532 0.30000000000000004 -0.5357902536886593
v 0.5323558253513334 0.30000000000000004 -0.5504980747373395
v 1.5499266776526 0.20625000000000004 0.46707277756392673
v 1.5499266776526 0.30000000000000004 0.46707277756392673
v 1.5352188566039198 0.20625000000000004 0.4817805986126069
v 1.5352188566039198 0.30000000000000004 0.4817805986126069
v 0.5508113123403022 0.30000000000000004 -0.5689535617263084
v 0.4991925173136843 0.30000000000000004 -0.5173347666996905
v 0.4991925173136843 0.3426 -0.5173347666996905
v 0.5508113123403022 0.3426 -0.5689535617263084
v 1.5683821646415685 0.30000000000000004 0.4486172905749578
v 1.5683821646415685 0.3426 0.4486172905749578
v 1.5167633696149503 0.30000000000000004 0.5002360856015757
v 1.5167633696149503 0.3426 0.5002360856015757
v -0.24287185536777278 0.13375000000000004 0.42581309688169167
v -0.7919844651329511 0.13375000000000004 0.9749257066468702
v -0.7919844651329511 0.16900000000000004 0.9749257066468702
v -0.24287185536777278 0.16900000000000004 0.42581309688169167
v -0.08730836350673249 0.13375000000000004 0.581376588742732
v -0.08730836350673249 0.16900000000000004 0.581376588742732
v -0.6364209732719108 0.13375000000000004 1.1304891985079104
v -0.6364209732719108 0.16900000000000004 1.1304891985079104
v 0.9757824878334174 -0.13124999999999998 -0.7928412463194988
v -0.7919844651329513 -0.13124999999999998 0.9749257066468702
v -0.7919844651329513 0.12749999999999995 0.9749257066468702
v 0.9757824878334174 0.12749999999999995 -0.7928412463194988
v 1.1313459796944576 -0.13124999999999998 -0.6372777544584586
v 1.1313459796944576 0.12749999999999995 -0.6372777544584586
v -0.6364209732719108 -0.13124999999999998 1.1304891985079104
v -0.6364209732719108 0.12749999999999995 1.1304891985079104
v 0.9757824878334176 0.12749999999999995 -0.7928412463194989
v 0.4266698780682393 0.12749999999999995 -0.24372863655432048
v 0.4266698780682393 0.16900000000000004 -0.24372863655432048
v 0.9757824878334176 0.16900000000000004 -0.7928412463194989
v 1.1313459796944578 0.12749999999999995 -0.6372777544584587
v 1.1313459796944578 0.16900000000000004 -0.6372777544584587
v 0.5822333699292797 0.12749999999999995 -0.08816514469328018
v 0.5822333699292797 0.16900000000000004 -0.08816514469328018
v 0.08858444831342216 0.12749999999999995 0.7572694005628868
v -0.4605281614517561 0.12749999999999995 1.3063820103280652
v -0.4605281614517561 0.16900000000000004 1.3063820103280652
v 0.08858444831342216 0.16900000000000004 0.7572694005628868
v 0.2441479401744625 0.12749999999999995 0.9128328924239271
v 0.2441479401744625 0.16900000000000004 0.9128328924239271
v -0.3049646695907158 0.12749999999999995 1.4619455021891055
v -0.3049646695907158 0.16900000000000004 1.4619455021891055
v 1.3072387915146124 -0.13124999999999998 -0.4613849426383038
v -0.4605281614517561 -0.13124999999999998 1.3063820103280652
v -0.4605281614517561 0.12749999999999995 1.3063820103280652
v 1.3072387915146124 0.12749999999999995 -0.4613849426383038
v 1.4628022833756529 -0.13124999999999998 -0.3058214507772635
v 1.4628022833756529 0.12749999999999995 -0.3058214507772635
v -0.30496466959071566 -0.13124999999999998 1.4619455021891055
v -0.30496466959071566 0.12749999999999995 1.4619455021891055
v 1.3072387915146124 0.12749999999999995 -0.4613849426383039
v 0.758126181749434 0.12749999999999995 0.08772766712687452
v 0.758126181749434 0.16900000000000004 0.08772766712687452
v 1.3072387915146124 0.16900000000000004 -0.4613849426383039
v 1.4628022833756527 0.12749999999999995 -0.3058214507772635
v 1.4628022833756527 0.16900000000000004 -0.3058214507772635
v 0.9136896736104745 0.12749999999999995 0.24329115898791487
v 0.9136896736104745 0.16900000000000004 0.24329115898791487
v 0.4200407519946163 0.12749999999999995 1.0887257042440808
v -0.1290718577705619 0.12749999999999995 1.637838314009259
v -0.1290718577705619 0.16900000000000004 1.637838314009259
v 0.4200407519946163 0.16900000000000004 1.0887257042440808
v 0.5756042438556568 0.12749999999999995 1.244289196105121
v 0.5756042438556568 0.16900000000000004 1.244289196105121
v 0.02649163409047839 0.12749999999999995 1.7934018058702996
v 0.02649163409047839 0.16900000000000004 1.7934018058702996
v 1.6386950951958066 -0.13124999999999998 -0.1299286389571097
v -0.12907185777056207 -0.13124999999999998 1.6378383140092594
v -0.12907185777056207 0.12749999999999995 1.6378383140092594
v 1.6386950951958066 0.12749999999999995 -0.1299286389571097
v 1.7942585870568468 -0.13124999999999998 0.025634852903930527
v 1.7942585870568468 0.12749999999999995 0.025634852903930527
v 0.026491634090478167 -0.13124999999999998 1.7934018058702996
v 0.026491634090478167 0.12749999999999995 1.7934018058702996
vt 0.3125 0.75
vt 0.5 0.75
vt 0.5 0.765625
vt 0.3125 0.765625
vt 0.3125 0.71875
vt 0.375 0.71875
vt 0.375 0.734375
vt 0.3125 0.734375
vt 0.3125 0.765625
vt 0.5 0.765625
vt 0.5 0.78125
vt 0.3125 0.78125
vt 0.3125 0.703125
vt 0.375 0.703125
vt 0.375 0.71875
vt 0.3125 0.71875
vt 0.25 0.875
vt 0.25 0.6875
vt 0.3125 0.6875
vt 0.3125 0.875
vt 0.1875 0.6875
vt 0.1875 0.5
vt 0.125 0.5
vt 0.125 0.6875
vt 0.578125 0.8515625
vt 0.5 0.8515625
vt 0.5 0.875
vt 0.578125 0.875
vt 0.5 0.5078125
vt 0 0.5078125
vt 0 0.53125
vt 0.5 0.53125
vt 0.578125 0.8828125
vt 0.5 0.8828125
vt 0.5 0.90625
vt 0.578125 0.90625
vt 0.5 0.5390625
vt 0 0.5390625
vt 0 0.5625
vt 0.5 0.5625
vt 0 0.921875
vt 0 1
vt 0.5 1
vt 0.5 0.921875
vt 0.5 0.828125
vt 0.5 0.90625
vt 0 0.90625
vt 0 0.828125
vt 0.5078125 0.671875
vt 0.5 0.671875
vt 0.5 0.71875
vt 0.5078125 0.71875
vt 0.5 0.703125
vt 0 0.703125
vt 0 0.75
vt 0.5 0.75
vt 0.5078125 0.734375
vt 0.5 0.734375
vt 0.5 0.78125
vt 0.5078125 0.78125
vt 0.5 0.765625
vt 0 0.765625
vt 0 0.8125
vt 0.5 0.8125
vt 0.5 0.9609375
vt 0.5 0.96875
vt 1 0.96875
vt 1 0.9609375
vt 1 0.9296875
vt 1 0.9375
vt 0.5 0.9375
vt 0.5 0.9296875
vt 0.5390625 0.7890625
vt 0.5 0.7890625
vt 0.5 0.8125
vt 0.5390625 0.8125
vt 1 0.9765625
vt 0.5 0.9765625
vt 0.5 1
vt 1 1
vt 0.5390625 0.8203125
vt 0.5 0.8203125
vt 0.5 0.84375
vt 0.5390625 0.84375
vt 0.5 0.4765625
vt 0 0.4765625
vt 0 0.5
vt 0.5 0.5
vt 0 0.6484375
vt 0 0.6875
vt 0.5 0.6875
vt 0.5 0.6484375
vt 0.5 0.5859375
vt 0.5 0.625
vt 0 0.625
vt 0 0.5859375
vt 0.5 0.8515625
vt 0.578125 0.8515625
vt 0.578125 0.875
vt 0.5 0.875
vt 0 0.5390625
vt 0.5 0.5390625
vt 0.5 0.5625
vt 0 0.5625
vt 0.5 0.8828125
vt 0.578125 0.8828125
vt 0.578125 0.90625
vt 0.5 0.90625
vt 0 0.5078125
vt 0.5 0.5078125
vt 0.5 0.53125
vt 0 0.53125
vt 0 1
vt 0 0.921875
vt 0.5 0.921875
vt 0.5 1
vt 0.5 0.90625
vt 0.5 0.828125
vt 0 0.828125
vt 0 0.90625
vt 0.5 0.671875
vt 0.5078125 0.671875
vt 0.5078125 0.71875
vt 0.5 0.71875
vt 0 0.765625
vt 0.5 0.765625
vt 0.5 0.8125
vt 0 0.8125
vt 0.5 0.734375
vt 0.5078125 0.734375
vt 0.5078125 0.78125
vt 0.5 0.78125
vt 0 0.703125
vt 0.5 0.703125
vt 0.5 0.75
vt 0 0.75
vt 0.5 0.96875
vt 0.5 0.9609375
vt 1 0.9609375
vt 1 0.96875
vt 1 0.9375
vt 1 0.9296875
vt 0.5 0.9296875
vt 0.5 0.9375
vt 0.5 0.7890625
vt 0.5390625 0.7890625
vt 0.5390625 0.8125
vt 0.5 0.8125
vt 0 0.4765625
vt 0.5 0.4765625
vt 0.5 0.5
vt 0 0.5
vt 0.5 0.8203125
vt 0.5390625 0.8203125
vt 0.5390625 0.84375
vt 0.5 0.84375
vt 0.5 0.9765625
vt 1 0.9765625
vt 1 1
vt 0.5 1
vt 0 0.6875
vt 0 0.6484375
vt 0.5 0.6484375
vt 0.5 0.6875
vt 0.5 0.625
vt 0.5 0.5859375
vt 0 0.5859375
vt 0 0.625
vt 0.3125 0.78125
vt 0.5 0.78125
vt 0.5 0.796875
vt 0.3125 0.796875
vt 0.25 0.671875
vt 0.3125 0.671875
vt 0.3125 0.6875
vt 0.25 0.6875
vt 0.3125 0.796875
vt 0.5 0.796875
vt 0.5 0.8125
vt 0.3125 0.8125
vt 0.3125 0.734375
vt 0.375 0.734375
vt 0.375 0.75
vt 0.3125 0.75
vt 0.125 0.875
vt 0.125 0.6875
vt 0.1875 0.6875
vt 0.1875 0.875
vt 0.25 0.875
vt 0.25 0.6875
vt 0.1875 0.6875
vt 0.1875 0.875
vt 0 0.875
vt 0.625 0.875
vt 0.625 0.9375
vt 0 0.9375
vt 0.3125 0.8125
vt 0.375 0.8125
vt 0.375 0.875
vt 0.3125 0.875
vt 0 0.9375
vt 0.625 0.9375
vt 0.625 1
vt 0 1
vt 0.1875 0.625
vt 0.25 0.625
vt 0.25 0.6875
vt 0.1875 0.6875
vt 0 0.875
vt 0 0.25
vt 0.0625 0.25
vt 0.0625 0.875
vt 0.125 0.875
vt 0.125 0.25
vt 0.0625 0.25
vt 0.0625 0.875
vt 0.3125 0.75
vt 0.5 0.75
vt 0.5 0.765625
vt 0.3125 0.765625
vt 0.3125 0.71875
vt 0.375 0.71875
vt 0.375 0.734375
vt 0.3125 0.734375
vt 0.3125 0.765625
vt 0.5 0.765625
vt 0.5 0.78125
vt 0.3125 0.78125
vt 0.3125 0.703125
vt 0.375 0.703125
vt 0.375 0.71875
vt 0.3125 0.71875
vt 0.25 0.875
vt 0.25 0.6875
vt 0.3125 0.6875
vt 0.3125 0.875
vt 0.1875 0.6875
vt 0.1875 0.5
vt 0.125 0.5
vt 0.125 0.6875
vt 0.3125 0.78125
vt 0.5 0.78125
vt 0.5 0.796875
vt 0.3125 0.796875
vt 0.25 0.671875
vt 0.3125 0.671875
vt 0.3125 0.6875
vt 0.25 0.6875
vt 0.3125 0.796875
vt 0.5 0.796875
vt 0.5 0.8125
vt 0.3125 0.8125
vt 0.3125 0.734375
vt 0.375 0.734375
vt 0.375 0.75
vt 0.3125 0.75
vt 0.125 0.875
vt 0.125 0.6875
vt 0.1875 0.6875
vt 0.1875 0.875
vt 0.25 0.875
vt 0.25 0.6875
vt 0.1875 0.6875
vt 0.1875 0.875
vt 0 0.875
vt 0.625 0.875
vt 0.625 0.9375
vt 0 0.9375
vt 0.3125 0.8125
vt 0.375 0.8125
vt 0.375 0.875
vt 0.3125 0.875
vt 0 0.9375
vt 0.625 0.9375
vt 0.625 1
vt 0 1
vt 0.1875 0.625
vt 0.25 0.625
vt 0.25 0.6875
vt 0.1875 0.6875
vt 0 0.875
vt 0 0.25
vt 0.0625 0.25
vt 0.0625 0.875
vt 0.125 0.875
vt 0.125 0.25
vt 0.0625 0.25
vt 0.0625 0.875
vt 0.3125 0.75
vt 0.5 0.75
vt 0.5 0.765625
vt 0.3125 0.765625
vt 0.3125 0.71875
vt 0.375 0.71875
vt 0.375 0.734375
vt 0.3125 0.734375
vt 0.3125 0.765625
vt 0.5 0.765625
vt 0.5 0.78125
vt 0.3125 0.78125
vt 0.3125 0.703125
vt 0.375 0.703125
vt 0.375 0.71875
vt 0.3125 0.71875
vt 0.25 0.875
vt 0.25 0.6875
vt 0.3125 0.6875
vt 0.3125 0.875
vt 0.1875 0.6875
vt 0.1875 0.5
vt 0.125 0.5
vt 0.125 0.6875
vt 0.3125 0.78125
vt 0.5 0.78125
vt 0.5 0.796875
vt 0.3125 0.796875
vt 0.25 0.671875
vt 0.3125 0.671875
vt 0.3125 0.6875
vt 0.25 0.6875
vt 0.3125 0.796875
vt 0.5 0.796875
vt 0.5 0.8125
vt 0.3125 0.8125
vt 0.3125 0.734375
vt 0.375 0.734375
vt 0.375 0.75
vt 0.3125 0.75
vt 0.125 0.875
vt 0.125 0.6875
vt 0.1875 0.6875
vt 0.1875 0.875
vt 0.25 0.875
vt 0.25 0.6875
vt 0.1875 0.6875
vt 0.1875 0.875
vt 0 0.875
vt 0.625 0.875
vt 0.625 0.9375
vt 0 0.9375
vt 0.3125 0.8125
vt 0.375 0.8125
vt 0.375 0.875
vt 0.3125 0.875
vt 0 0.9375
vt 0.625 0.9375
vt 0.625 1
vt 0 1
vt 0.1875 0.625
vt 0.25 0.625
vt 0.25 0.6875
vt 0.1875 0.6875
vt 0 0.875
vt 0 0.25
vt 0.0625 0.25
vt 0.0625 0.875
vt 0.125 0.875
vt 0.125 0.25
vt 0.0625 0.25
vt 0.0625 0.875
vn -0.7071067811865478 0 -0.7071067811865474
vn 0.7071067811865478 0 -0.7071067811865474
vn 0.7071067811865479 0 0.7071067811865472
vn -0.707106781186547 0 0.7071067811865481
vn 0 1 0
vn 0 -1 0
vn -0.7071067811865474 0 -0.7071067811865478
vn 0.7071067811865475 0 -0.7071067811865477
vn 0.7071067811865482 0 0.7071067811865468
vn -0.7071067811865476 0 0.7071067811865475
vn 0 1 0
vn 0 -1 0
vn -0.7071067811865476 0 -0.7071067811865476
vn 0.7071067811865475 0 -0.7071067811865477
vn 0.7071067811865502 0 0.7071067811865449
vn -0.7071067811865474 0 0.7071067811865477
vn 0 1 0
vn 0 -1 0
vn -0.7071067811865491 0 -0.707106781186546
vn 0.7071067811865475 0 -0.7071067811865477
vn 0.707106781186546 0 0.7071067811865491
vn -0.7071067811865475 0 0.7071067811865476
vn 0 1 0
vn 0 -1 0
vn -0.7071067811865476 0 -0.7071067811865476
vn 0.7071067811865476 0 -0.7071067811865476
vn 0.7071067811865479 0 0.7071067811865471
vn -0.7071067811865476 0 0.7071067811865476
vn 0 1 0
vn 0 -1 0
vn -0.7071067811865476 0 -0.7071067811865476
vn 0.7071067811865474 0 -0.7071067811865477
vn 0.7071067811865476 0 0.7071067811865476
vn -0.7071067811865474 0 0.7071067811865477
vn 0 1 0
vn 0 -1 0
vn -0.7071067811865476 0 -0.7071067811865476
vn 0.7071067811865475 0 -0.7071067811865476
vn 0.7071067811865452 0 0.7071067811865498
vn -0.7071067811865476 0 0.7071067811865476
vn 0 1 0
vn 0 -1 0
vn -0.7071067811865477 0 -0.7071067811865474
vn 0.7071067811865477 0 -0.7071067811865475
vn 0.7071067811865476 0 0.7071067811865476
vn -0.7071067811865476 0 0.7071067811865476
vn 0 1 0
vn 0 -1 0
vn -0.7071067811865476 0 -0.7071067811865475
vn 0.7071067811865476 0 -0.7071067811865476
vn 0.7071067811865476 0 0.7071067811865475
vn -0.707106781186547 0 0.707106781186548
vn 0 1 0
vn 0 -1 0
vn -0.7071067811865477 0 -0.7071067811865475
vn 0.7071067811865476 0 -0.7071067811865476
vn 0.7071067811865478 0 0.7071067811865474
vn -0.7071067811865475 0 0.7071067811865477
vn 0 1 0
vn 0 -1 0
vn -0.7071067811865477 0 -0.7071067811865475
vn 0.7071067811865474 0 -0.7071067811865478
vn 0.7071067811865477 0 0.7071067811865475
vn -0.7071067811865474 0 0.7071067811865478
vn 0 1 0
vn 0 -1 0
vn -0.7071067811865477 0 -0.7071067811865475
vn 0.7071067811865471 0 -0.7071067811865479
vn 0.7071067811865476 0 0.7071067811865475
vn -0.707106781186547 0 0.707106781186548
vn 0 1 0
vn 0 -1 0
vn -0.7071067811865476 0 -0.7071067811865476
vn 0.7071067811865478 0 -0.7071067811865474
vn 0.7071067811865478 0 0.7071067811865475
vn -0.7071067811865472 0 0.7071067811865478
vn 0 1 0
vn 0 -1 0
vn -0.7071067811865476 0 -0.7071067811865476
vn 0.707106781186547 0 -0.7071067811865481
vn 0.7071067811865477 0 0.7071067811865475
vn -0.7071067811865485 0 0.7071067811865467
vn 0 1 0
vn 0 -1 0
vn -0.7071067811865477 0 -0.7071067811865475
vn 0.7071067811865476 0 -0.7071067811865476
vn 0.7071067811865477 0 0.7071067811865475
vn -0.7071067811865476 0 0.7071067811865476
vn 0 1 0
vn 0 -1 0
usemtl m_170fbfd2-f08d-9034-5c48-a19326fd24f8
f 1/1/1 2/2/1 3/3/1 4/4/1
f 5/5/2 1/6/2 4/7/2 6/8/2
f 7/9/3 5/10/3 6/11/3 8/12/3
f 2/13/4 7/14/4 8/15/4 3/16/4
f 8/17/5 6/18/5 4/19/5 3/20/5
f 2/21/6 1/22/6 5/23/6 7/24/6
usemtl m_d165b866-d2d1-6b7a-e7c8-e0b207803032
f 9/25/7 10/26/7 11/27/7 12/28/7
f 13/29/8 9/30/8 12/31/8 14/32/8
f 15/33/9 13/34/9 14/35/9 16/36/9
f 10/37/10 15/38/10 16/39/10 11/40/10
f 16/41/11 14/42/11 12/43/11 11/44/11
f 10/45/12 9/46/12 13/47/12 15/48/12
f 17/49/13 18/50/13 19/51/13 20/52/13
f 21/53/14 17/54/14 20/55/14 22/56/14
f 23/57/15 21/58/15 22/59/15 24/60/15
f 18/61/16 23/62/16 24/63/16 19/64/16
f 24/65/17 22/66/17 20/67/17 19/68/17
f 18/69/18 17/70/18 21/71/18 23/72/18
f 25/73/19 26/74/19 27/75/19 28/76/19
f 29/77/20 25/78/20 28/79/20 30/80/20
f 31/81/21 29/82/21 30/83/21 32/84/21
f 26/85/22 31/86/22 32/87/22 27/88/22
f 32/89/23 30/90/23 28/91/23 27/92/23
f 26/93/24 25/94/24 29/95/24 31/96/24
f 33/97/25 34/98/25 35/99/25 36/100/25
f 37/101/26 33/102/26 36/103/26 38/104/26
f 39/105/27 37/106/27 38/107/27 40/108/27
f 34/109/28 39/110/28 40/111/28 35/112/28
f 40/113/29 38/114/29 36/115/29 35/116/29
f 34/117/30 33/118/30 37/119/30 39/120/30
f 41/121/31 42/122/31 43/123/31 44/124/31
f 45/125/32 41/126/32 44/127/32 46/128/32
f 47/129/33 45/130/33 46/131/33 48/132/33
f 42/133/34 47/134/34 48/135/34 43/136/34
f 48/137/35 46/138/35 44/139/35 43/140/35
f 42/141/36 41/142/36 45/143/36 47/144/36
f 49/145/37 50/146/37 51/147/37 52/148/37
f 53/149/38 49/150/38 52/151/38 54/152/38
f 55/153/39 53/154/39 54/155/39 56/156/39
f 50/157/40 55/158/40 56/159/40 51/160/40
f 56/161/41 54/162/41 52/163/41 51/164/41
f 50/165/42 49/166/42 53/167/42 55/168/42
usemtl m_170fbfd2-f08d-9034-5c48-a19326fd24f8
f 57/169/43 58/170/43 59/171/43 60/172/43
f 61/173/44 57/174/44 60/175/44 62/176/44
f 63/177/45 61/178/45 62/179/45 64/180/45
f 58/181/46 63/182/46 64/183/46 59/184/46
f 64/185/47 62/186/47 60/187/47 59/188/47
f 58/189/48 57/190/48 61/191/48 63/192/48
f 65/193/49 66/194/49 67/195/49 68/196/49
f 69/197/50 65/198/50 68/199/50 70/200/50
f 71/201/51 69/202/51 70/203/51 72/204/51
f 66/205/52 71/206/52 72/207/52 67/208/52
f 72/209/53 70/210/53 68/211/53 67/212/53
f 66/213/54 65/214/54 69/215/54 71/216/54
f 73/217/55 74/218/55 75/219/55 76/220/55
f 77/221/56 73/222/56 76/223/56 78/224/56
f 79/225/57 77/226/57 78/227/57 80/228/57
f 74/229/58 79/230/58 80/231/58 75/232/58
f 80/233/59 78/234/59 76/235/59 75/236/59
f 74/237/60 73/238/60 77/239/60 79/240/60
f 81/241/61 82/242/61 83/243/61 84/244/61
f 85/245/62 81/246/62 84/247/62 86/248/62
f 87/249/63 85/250/63 86/251/63 88/252/63
f 82/253/64 87/254/64 88/255/64 83/256/64
f 88/257/65 86/258/65 84/259/65 83/260/65
f 82/261/66 81/262/66 85/263/66 87/264/66
f 89/265/67 90/266/67 91/267/67 92/268/67
f 93/269/68 89/270/68 92/271/68 94/272/68
f 95/273/69 93/274/69 94/275/69 96/276/69
f 90/277/70 95/278/70 96/279/70 91/280/70
f 96/281/71 94/282/71 92/283/71 91/284/71
f 90/285/72 89/286/72 93/287/72 95/288/72
f 97/289/73 98/290/73 99/291/73 100/292/73
f 101/293/74 97/294/74 100/295/74 102/296/74
f 103/297/75 101/298/75 102/299/75 104/300/75
f 98/301/76 103/302/76 104/303/76 99/304/76
f 104/305/77 102/306/77 100/307/77 99/308/77
f 98/309/78 97/310/78 101/311/78 103/312/78
f 105/313/79 106/314/79 107/315/79 108/316/79
f 109/317/80 105/318/80 108/319/80 110/320/80
f 111/321/81 109/322/81 110/323/81 112/324/81
f 106/325/82 111/326/82 112/327/82 107/328/82
f 112/329/83 110/330/83 108/331/83 107/332/83
f 106/333/84 105/334/84 109/335/84 111/336/84
f 113/337/85 114/338/85 115/339/85 116/340/85
f 117/341/86 113/342/86 116/343/86 118/344/86
f 119/345/87 117/346/87 118/347/87 120/348/87
f 114/349/88 119/350/88 120/351/88 115/352/88
f 120/353/89 118/354/89 116/355/89 115/356/89
f 114/357/90 113/358/90 117/359/90 119/360/90