# Made in Blockbench 4.8.3
mtllib ascending.mtl

o cube_selection
v -0.24368166421299897 0.19757598619094113 -0.0012635887522820521
v -0.264481664212999 0.19757598619094113 -0.0012635887522820521
v -0.264481664212999 0.26386724692717994 -0.06755484948852086
v -0.24368166421299897 0.26386724692717994 -0.06755484948852086
v -0.24368166421299853 1.2151468384922075 1.0163072635489843
v -0.24368166421299853 1.2814380992284464 0.9500160028127453
v -0.26448166421299846 1.2151468384922075 1.0163072635489843
v -0.26448166421299846 1.2814380992284464 0.9500160028127453
v 1.265693335787001 0.1975759861909408 -0.0012635887522822742
v 1.2448933357870011 0.1975759861909408 -0.0012635887522822742
v 1.2448933357870011 0.2638672469271796 -0.06755484948852108
v 1.265693335787001 0.2638672469271796 -0.06755484948852108
v 1.2656933357870015 1.2151468384922073 1.0163072635489843
v 1.2656933357870015 1.2814380992284462 0.9500160028127453
v 1.2448933357870016 1.2151468384922073 1.0163072635489843
v 1.2448933357870016 1.2814380992284462 0.9500160028127453
v -0.1790816642129991 0.16995462755084156 0.02635776988781746
v -0.3290816642129989 0.16995462755084167 0.02635776988781746
v -0.3290816642129989 0.1979560560858289 -0.0016436586471697545
v -0.1790816642129991 0.19795605608582884 -0.0016436586471697545
v -0.17908166421299854 1.1875254798521082 1.0439286221890838
v -0.17908166421299854 1.2155269083870954 1.0159271936540966
v -0.32908166421299867 1.1875254798521082 1.043928622189084
v -0.32908166421299867 1.2155269083870954 1.0159271936540968
v -0.21758166421299907 0.2638672469271799 -0.06755484948852086
v -0.290581664212999 0.26386724692718005 -0.06755484948852075
v -0.290581664212999 0.29398999580572693 -0.09767759836706769
v -0.21758166421299907 0.29398999580572677 -0.0976775983670678
v -0.21758166421299863 1.2814380992284464 0.9500160028127456
v -0.21758166421299874 1.3115608481069934 0.9198932539341986
v -0.2905816642129986 1.2814380992284464 0.9500160028127455
v -0.2905816642129986 1.3115608481069931 0.9198932539341985
v 1.3302933357870008 0.16995462755084123 0.02635776988781724
v 1.1802933357870011 0.16995462755084123 0.02635776988781724
v 1.1802933357870011 0.1979560560858285 -0.0016436586471700876
v 1.3302933357870008 0.19795605608582856 -0.0016436586471699766
v 1.330293335787001 1.1875254798521075 1.0439286221890833
v 1.330293335787001 1.2155269083870948 1.0159271936540961
v 1.1802933357870011 1.1875254798521075 1.0439286221890836
v 1.1802933357870011 1.215526908387095 1.0159271936540963
v 1.2917933357870006 0.2638672469271796 -0.06755484948852108
v 1.2187933357870009 0.26386724692717956 -0.06755484948852108
v 1.2187933357870009 0.2939899958057265 -0.09767759836706802
v 1.2917933357870006 0.2939899958057265 -0.09767759836706802
v 1.2917933357870013 1.281438099228446 0.9500160028127451
v 1.2917933357870013 1.3115608481069927 0.9198932539341982
v 1.218793335787001 1.281438099228446 0.950016002812745
v 1.218793335787001 1.3115608481069927 0.9198932539341981
vt 0.5 0.9609375
vt 0.5 0.96875
vt 1 0.96875
vt 1 0.9609375
vt 1 0.9296875
vt 1 0.9375
vt 0.5 0.9375
vt 0.5 0.9296875
vt 0.5 0.96875
vt 0.5 0.9609375
vt 1 0.9609375
vt 1 0.96875
vt 1 0.9375
vt 1 0.9296875
vt 0.5 0.9296875
vt 0.5 0.9375
vt 0.578125 0.8515625
vt 0.5 0.8515625
vt 0.5 0.875
vt 0.578125 0.875
vt 0.5 0.5078125
vt 0 0.5078125
vt 0 0.53125
vt 0.5 0.53125
vt 0.578125 0.8828125
vt 0.5 0.8828125
vt 0.5 0.90625
vt 0.578125 0.90625
vt 0.5 0.5390625
vt 0 0.5390625
vt 0 0.5625
vt 0.5 0.5625
vt 0 0.921875
vt 0 1
vt 0.5 1
vt 0.5 0.921875
vt 0.5 0.828125
vt 0.5 0.90625
vt 0 0.90625
vt 0 0.828125
vt 0.5078125 0.671875
vt 0.5 0.671875
vt 0.5 0.71875
vt 0.5078125 0.71875
vt 0.5 0.703125
vt 0 0.703125
vt 0 0.75
vt 0.5 0.75
vt 0.5078125 0.734375
vt 0.5 0.734375
vt 0.5 0.78125
vt 0.5078125 0.78125
vt 0.5 0.765625
vt 0 0.765625
vt 0 0.8125
vt 0.5 0.8125
vt 0.5390625 0.7890625
vt 0.5 0.7890625
vt 0.5 0.8125
vt 0.5390625 0.8125
vt 1 0.9765625
vt 0.5 0.9765625
vt 0.5 1
vt 1 1
vt 0.5390625 0.8203125
vt 0.5 0.8203125
vt 0.5 0.84375
vt 0.5390625 0.84375
vt 0.5 0.4765625
vt 0 0.4765625
vt 0 0.5
vt 0.5 0.5
vt 0 0.6484375
vt 0 0.6875
vt 0.5 0.6875
vt 0.5 0.6484375
vt 0.5 0.5859375
vt 0.5 0.625
vt 0 0.625
vt 0 0.5859375
vt 0.5 0.8515625
vt 0.578125 0.8515625
vt 0.578125 0.875
vt 0.5 0.875
vt 0 0.5390625
vt 0.5 0.5390625
vt 0.5 0.5625
vt 0 0.5625
vt 0.5 0.8828125
vt 0.578125 0.8828125
vt 0.578125 0.90625
vt 0.5 0.90625
vt 0 0.5078125
vt 0.5 0.5078125
vt 0.5 0.53125
vt 0 0.53125
vt 0 1
vt 0 0.921875
vt 0.5 0.921875
vt 0.5 1
vt 0.5 0.90625
vt 0.5 0.828125
vt 0 0.828125
vt 0 0.90625
vt 0.5 0.671875
vt 0.5078125 0.671875
vt 0.5078125 0.71875
vt 0.5 0.71875
vt 0 0.765625
vt 0.5 0.765625
vt 0.5 0.8125
vt 0 0.8125
vt 0.5 0.734375
vt 0.5078125 0.734375
vt 0.5078125 0.78125
vt 0.5 0.78125
vt 0 0.703125
vt 0.5 0.703125
vt 0.5 0.75
vt 0 0.75
vt 0.5 0.7890625
vt 0.5390625 0.7890625
vt 0.5390625 0.8125
vt 0.5 0.8125
vt 0 0.4765625
vt 0.5 0.4765625
vt 0.5 0.5
vt 0 0.5
vt 0.5 0.8203125
vt 0.5390625 0.8203125
vt 0.5390625 0.84375
vt 0.5 0.84375
vt 0.5 0.9765625
vt 1 0.9765625
vt 1 1
vt 0.5 1
vt 0 0.6875
vt 0 0.6484375
vt 0.5 0.6484375
vt 0.5 0.6875
vt 0.5 0.625
vt 0.5 0.5859375
vt 0 0.5859375
vt 0 0.625
vn 5.551115123125783e-17 0.7071067811865475 -0.7071067811865477
vn -5.551115123125783e-17 -0.7071067811865475 0.7071067811865477
vn 5.551115123125783e-17 0.7071067811865475 -0.7071067811865477
vn -5.551115123125783e-17 -0.7071067811865475 0.7071067811865477
vn -2.220446049250313e-16 -0.7071067811865477 -0.7071067811865475
vn 1 -2.775557561562891e-16 -3.3306690738754686e-16
vn 1.2212453270876722e-15 0.7071067811865477 0.7071067811865475
vn -1 1.1102230246251565e-16 1.6653345369377348e-16
vn 5.551115123125783e-17 0.7071067811865475 -0.7071067811865477
vn -5.551115123125783e-17 -0.7071067811865475 0.7071067811865477
vn -2.220446049250313e-16 -0.7071067811865477 -0.7071067811865474
vn 1 -2.7755575615628914e-16 -3.3306690738754696e-16
vn 3.9968028886505635e-15 0.7071067811865477 0.7071067811865474
vn -1 3.3306690738754686e-16 3.885780586188047e-16
vn -2.3869795029440866e-15 -0.7071067811865477 -0.7071067811865474
vn 1 -2.7755575615628914e-16 -3.3306690738754696e-16
vn -1.942890293094024e-15 0.7071067811865477 0.7071067811865474
vn -1 2.220446049250313e-16 2.7755575615628914e-16
vn 5.551115123125783e-17 0.7071067811865475 -0.7071067811865477
vn -5.551115123125783e-17 -0.7071067811865475 0.7071067811865477
vn 3.3306690738754696e-16 -0.7071067811865477 -0.7071067811865475
vn 1 -1.6653345369377343e-16 -2.2204460492503126e-16
vn 7.771561172376096e-16 0.7071067811865477 0.7071067811865475
vn -1 1.1102230246251565e-16 1.6653345369377348e-16
vn 5.551115123125783e-17 0.7071067811865475 -0.7071067811865477
vn -5.551115123125783e-17 -0.7071067811865475 0.7071067811865477
vn -2.220446049250313e-16 -0.7071067811865477 -0.7071067811865474
vn 1 -2.220446049250313e-16 -2.7755575615628914e-16
vn 2.220446049250313e-16 0.7071067811865477 0.7071067811865474
vn -1 2.220446049250313e-16 2.7755575615628914e-16
vn 8.326672684688674e-16 -0.7071067811865477 -0.7071067811865474
vn 1 -2.220446049250313e-16 -2.7755575615628914e-16
vn -2.9976021664879227e-15 0.7071067811865477 0.7071067811865475
vn -1 1.1102230246251565e-16 1.6653345369377348e-16
vn 5.551115123125783e-17 0.7071067811865475 -0.7071067811865477
vn -5.551115123125783e-17 -0.7071067811865475 0.7071067811865477
usemtl m_76a5cc7b-4b21-cace-51d3-8682bd9e6a75
f 8/1/1 6/2/1 4/3/1 3/4/1
f 2/5/2 1/6/2 5/7/2 7/8/2
f 16/9/3 14/10/3 12/11/3 11/12/3
f 10/13/4 9/14/4 13/15/4 15/16/4
f 17/17/5 18/18/5 19/19/5 20/20/5
f 21/21/6 17/22/6 20/23/6 22/24/6
f 23/25/7 21/26/7 22/27/7 24/28/7
f 18/29/8 23/30/8 24/31/8 19/32/8
f 24/33/9 22/34/9 20/35/9 19/36/9
f 18/37/10 17/38/10 21/39/10 23/40/10
f 1/41/11 2/42/11 3/43/11 4/44/11
f 5/45/12 1/46/12 4/47/12 6/48/12
f 7/49/13 5/50/13 6/51/13 8/52/13
f 2/53/14 7/54/14 8/55/14 3/56/14
f 25/57/15 26/58/15 27/59/15 28/60/15
f 29/61/16 25/62/16 28/63/16 30/64/16
f 31/65/17 29/66/17 30/67/17 32/68/17
f 26/69/18 31/70/18 32/71/18 27/72/18
f 32/73/19 30/74/19 28/75/19 27/76/19
f 26/77/20 25/78/20 29/79/20 31/80/20
f 33/81/21 34/82/21 35/83/21 36/84/21
f 37/85/22 33/86/22 36/87/22 38/88/22
f 39/89/23 37/90/23 38/91/23 40/92/23
f 34/93/24 39/94/24 40/95/24 35/96/24
f 40/97/25 38/98/25 36/99/25 35/100/25
f 34/101/26 33/102/26 37/103/26 39/104/26
f 9/105/27 10/106/27 11/107/27 12/108/27
f 13/109/28 9/110/28 12/111/28 14/112/28
f 15/113/29 13/114/29 14/115/29 16/116/29
f 10/117/30 15/118/30 16/119/30 11/120/30
f 41/121/31 42/122/31 43/123/31 44/124/31
f 45/125/32 41/126/32 44/127/32 46/128/32
f 47/129/33 45/130/33 46/131/33 48/132/33
f 42/133/34 47/134/34 48/135/34 43/136/34
f 48/137/35 46/138/35 44/139/35 43/140/35
f 42/141/36 41/142/36 45/143/36 47/144/36