# Made in Blockbench 4.8.3
mtllib diag.mtl

o cube
v -0.48925437443746084 0.16718750000000004 0.4711121250514547
v -0.5953203916154428 0.16718750000000004 0.5771781422294366
v -0.5953203916154428 0.2067875 0.5771781422294366
v -0.48925437443746084 0.2067875 0.4711121250514547
v 0.5283164778638056 0.16718750000000004 1.4886829773527208
v 0.5283164778638056 0.2067875 1.4886829773527208
v 0.4222504606858235 0.16718750000000004 1.5947489945307032
v 0.4222504606858235 0.2067875 1.5947489945307032
v -0.5349334725021118 0.20625000000000004 0.5167912231161056
v -0.5496412935507919 0.20625000000000004 0.5314990441647858
v -0.5496412935507919 0.30000000000000004 0.5314990441647858
v -0.5349334725021118 0.30000000000000004 0.5167912231161056
v 0.48263737979915455 0.20625000000000004 1.5343620754173717
v 0.48263737979915455 0.30000000000000004 1.5343620754173717
v 0.4679295587504745 0.20625000000000004 1.5490698964660519
v 0.4679295587504745 0.30000000000000004 1.5490698964660519
v -0.516477985513143 0.30000000000000004 0.4983357361271368
v -0.5680967805397608 0.30000000000000004 0.5499545311537548
v -0.5680967805397608 0.3426 0.5499545311537548
v -0.516477985513143 0.3426 0.4983357361271368
v 0.5010928667881236 0.30000000000000004 1.515906588428403
v 0.5010928667881236 0.3426 1.515906588428403
v 0.44947407176150556 0.30000000000000004 1.567525383455021
v 0.44947407176150556 0.3426 1.567525383455021
v 0.5780349234159843 0.16718750000000004 -0.5961771728019905
v 0.47196890623800225 0.16718750000000004 -0.4901111556240084
v 0.47196890623800225 0.2067875 -0.4901111556240084
v 0.5780349234159843 0.2067875 -0.5961771728019905
v 1.5956057757172504 0.16718750000000004 0.42139367949927575
v 1.5956057757172504 0.2067875 0.42139367949927575
v 1.4895397585392685 0.16718750000000004 0.5274596966772578
v 1.4895397585392685 0.2067875 0.5274596966772578
v 0.5323558253513334 0.20625000000000004 -0.5504980747373395
v 0.5176480043026532 0.20625000000000004 -0.5357902536886593
v 0.5176480043026532 0.30000000000000004 -0.5357902536886593
v 0.5323558253513334 0.30000000000000004 -0.5504980747373395
v 1.5499266776526 0.20625000000000004 0.46707277756392673
v 1.5499266776526 0.30000000000000004 0.46707277756392673
v 1.5352188566039198 0.20625000000000004 0.4817805986126069
v 1.5352188566039198 0.30000000000000004 0.4817805986126069
v 0.5508113123403022 0.30000000000000004 -0.5689535617263084
v 0.4991925173136843 0.30000000000000004 -0.5173347666996905
v 0.4991925173136843 0.3426 -0.5173347666996905
v 0.5508113123403022 0.3426 -0.5689535617263084
v 1.5683821646415685 0.30000000000000004 0.4486172905749578
v 1.5683821646415685 0.3426 0.4486172905749578
v 1.5167633696149503 0.30000000000000004 0.5002360856015757
v 1.5167633696149503 0.3426 0.5002360856015757
vt 0.578125 0.8515625
vt 0.5 0.8515625
vt 0.5 0.875
vt 0.578125 0.875
vt 0.5 0.5078125
vt 0 0.5078125
vt 0 0.53125
vt 0.5 0.53125
vt 0.578125 0.8828125
vt 0.5 0.8828125
vt 0.5 0.90625
vt 0.578125 0.90625
vt 0.5 0.5390625
vt 0 0.5390625
vt 0 0.5625
vt 0.5 0.5625
vt 0 0.921875
vt 0 1
vt 0.5 1
vt 0.5 0.921875
vt 0.5 0.828125
vt 0.5 0.90625
vt 0 0.90625
vt 0 0.828125
vt 0.5078125 0.671875
vt 0.5 0.671875
vt 0.5 0.71875
vt 0.5078125 0.71875
vt 0.5 0.703125
vt 0 0.703125
vt 0 0.75
vt 0.5 0.75
vt 0.5078125 0.734375
vt 0.5 0.734375
vt 0.5 0.78125
vt 0.5078125 0.78125
vt 0.5 0.765625
vt 0 0.765625
vt 0 0.8125
vt 0.5 0.8125
vt 0.5 0.9609375
vt 0.5 0.96875
vt 1 0.96875
vt 1 0.9609375
vt 1 0.9296875
vt 1 0.9375
vt 0.5 0.9375
vt 0.5 0.9296875
vt 0.5390625 0.7890625
vt 0.5 0.7890625
vt 0.5 0.8125
vt 0.5390625 0.8125
vt 1 0.9765625
vt 0.5 0.9765625
vt 0.5 1
vt 1 1
vt 0.5390625 0.8203125
vt 0.5 0.8203125
vt 0.5 0.84375
vt 0.5390625 0.84375
vt 0.5 0.4765625
vt 0 0.4765625
vt 0 0.5
vt 0.5 0.5
vt 0 0.6484375
vt 0 0.6875
vt 0.5 0.6875
vt 0.5 0.6484375
vt 0.5 0.5859375
vt 0.5 0.625
vt 0 0.625
vt 0 0.5859375
vt 0.5 0.8515625
vt 0.578125 0.8515625
vt 0.578125 0.875
vt 0.5 0.875
vt 0 0.5390625
vt 0.5 0.5390625
vt 0.5 0.5625
vt 0 0.5625
vt 0.5 0.8828125
vt 0.578125 0.8828125
vt 0.578125 0.90625
vt 0.5 0.90625
vt 0 0.5078125
vt 0.5 0.5078125
vt 0.5 0.53125
vt 0 0.53125
vt 0 1
vt 0 0.921875
vt 0.5 0.921875
vt 0.5 1
vt 0.5 0.90625
vt 0.5 0.828125
vt 0 0.828125
vt 0 0.90625
vt 0.5 0.671875
vt 0.5078125 0.671875
vt 0.5078125 0.71875
vt 0.5 0.71875
vt 0 0.765625
vt 0.5 0.765625
vt 0.5 0.8125
vt 0 0.8125
vt 0.5 0.734375
vt 0.5078125 0.734375
vt 0.5078125 0.78125
vt 0.5 0.78125
vt 0 0.703125
vt 0.5 0.703125
vt 0.5 0.75
vt 0 0.75
vt 0.5 0.96875
vt 0.5 0.9609375
vt 1 0.9609375
vt 1 0.96875
vt 1 0.9375
vt 1 0.9296875
vt 0.5 0.9296875
vt 0.5 0.9375
vt 0.5 0.7890625
vt 0.5390625 0.7890625
vt 0.5390625 0.8125
vt 0.5 0.8125
vt 0 0.4765625
vt 0.5 0.4765625
vt 0.5 0.5
vt 0 0.5
vt 0.5 0.8203125
vt 0.5390625 0.8203125
vt 0.5390625 0.84375
vt 0.5 0.84375
vt 0.5 0.9765625
vt 1 0.9765625
vt 1 1
vt 0.5 1
vt 0 0.6875
vt 0 0.6484375
vt 0.5 0.6484375
vt 0.5 0.6875
vt 0.5 0.625
vt 0.5 0.5859375
vt 0 0.5859375
vt 0 0.625
vn -0.7071067811865474 0 -0.7071067811865478
vn 0.7071067811865475 0 -0.7071067811865477
vn 0.7071067811865482 0 0.7071067811865468
vn -0.7071067811865476 0 0.7071067811865475
vn 0 1 0
vn 0 -1 0
vn -0.7071067811865476 0 -0.7071067811865476
vn 0.7071067811865475 0 -0.7071067811865477
vn 0.7071067811865502 0 0.7071067811865449
vn -0.7071067811865474 0 0.7071067811865477
vn 0 1 0
vn 0 -1 0
vn -0.7071067811865491 0 -0.707106781186546
vn 0.7071067811865475 0 -0.7071067811865477
vn 0.707106781186546 0 0.7071067811865491
vn -0.7071067811865475 0 0.7071067811865476
vn 0 1 0
vn 0 -1 0
vn -0.7071067811865476 0 -0.7071067811865476
vn 0.7071067811865476 0 -0.7071067811865476
vn 0.7071067811865479 0 0.7071067811865471
vn -0.7071067811865476 0 0.7071067811865476
vn 0 1 0
vn 0 -1 0
vn -0.7071067811865476 0 -0.7071067811865476
vn 0.7071067811865474 0 -0.7071067811865477
vn 0.7071067811865476 0 0.7071067811865476
vn -0.7071067811865474 0 0.7071067811865477
vn 0 1 0
vn 0 -1 0
vn -0.7071067811865476 0 -0.7071067811865476
vn 0.7071067811865475 0 -0.7071067811865476
vn 0.7071067811865452 0 0.7071067811865498
vn -0.7071067811865476 0 0.7071067811865476
vn 0 1 0
vn 0 -1 0
usemtl m_5d104bb4-67b7-bb8c-cb9c-93fd7d4fb8f8
f 1/1/1 2/2/1 3/3/1 4/4/1
f 5/5/2 1/6/2 4/7/2 6/8/2
f 7/9/3 5/10/3 6/11/3 8/12/3
f 2/13/4 7/14/4 8/15/4 3/16/4
f 8/17/5 6/18/5 4/19/5 3/20/5
f 2/21/6 1/22/6 5/23/6 7/24/6
f 9/25/7 10/26/7 11/27/7 12/28/7
f 13/29/8 9/30/8 12/31/8 14/32/8
f 15/33/9 13/34/9 14/35/9 16/36/9
f 10/37/10 15/38/10 16/39/10 11/40/10
f 16/41/11 14/42/11 12/43/11 11/44/11
f 10/45/12 9/46/12 13/47/12 15/48/12
f 17/49/13 18/50/13 19/51/13 20/52/13
f 21/53/14 17/54/14 20/55/14 22/56/14
f 23/57/15 21/58/15 22/59/15 24/60/15
f 18/61/16 23/62/16 24/63/16 19/64/16
f 24/65/17 22/66/17 20/67/17 19/68/17
f 18/69/18 17/70/18 21/71/18 23/72/18
f 25/73/19 26/74/19 27/75/19 28/76/19
f 29/77/20 25/78/20 28/79/20 30/80/20
f 31/81/21 29/82/21 30/83/21 32/84/21
f 26/85/22 31/86/22 32/87/22 27/88/22
f 32/89/23 30/90/23 28/91/23 27/92/23
f 26/93/24 25/94/24 29/95/24 31/96/24
f 33/97/25 34/98/25 35/99/25 36/100/25
f 37/101/26 33/102/26 36/103/26 38/104/26
f 39/105/27 37/106/27 38/107/27 40/108/27
f 34/109/28 39/110/28 40/111/28 35/112/28
f 40/113/29 38/114/29 36/115/29 35/116/29
f 34/117/30 33/118/30 37/119/30 39/120/30
f 41/121/31 42/122/31 43/123/31 44/124/31
f 45/125/32 41/126/32 44/127/32 46/128/32
f 47/129/33 45/130/33 46/131/33 48/132/33
f 42/133/34 47/134/34 48/135/34 43/136/34
f 48/137/35 46/138/35 44/139/35 43/140/35
f 42/141/36 41/142/36 45/143/36 47/144/36