# Made in Blockbench 4.8.3
mtllib diag_2.mtl

o cube
v 1.488682977352719 0.16718750000000004 0.4716835221361958
v 0.4711121250514547 0.16718750000000004 1.4892543744374604
v 0.4711121250514547 0.2067875 1.4892543744374604
v 1.488682977352719 0.2067875 0.4716835221361958
v 1.5947489945307014 0.16718750000000004 0.5777495393141778
v 1.5947489945307014 0.2067875 0.5777495393141778
v 0.5771781422294366 0.16718750000000004 1.5953203916154424
v 0.5771781422294366 0.2067875 1.5953203916154424
v 1.5343620754173704 0.20625000000000004 0.517362620200847
v 0.516791223116106 0.20625000000000004 1.5349334725021118
v 0.516791223116106 0.30000000000000004 1.5349334725021118
v 1.5343620754173704 0.30000000000000004 0.517362620200847
v 1.54906989646605 0.20625000000000004 0.5320704412495265
v 1.54906989646605 0.30000000000000004 0.5320704412495265
v 0.5314990441647853 0.20625000000000004 1.549641293550791
v 0.5314990441647853 0.30000000000000004 1.549641293550791
v 1.5159065884284013 0.30000000000000004 0.4989071332118784
v 0.498335736127137 0.30000000000000004 1.5164779855131432
v 0.498335736127137 0.3426 1.5164779855131432
v 1.5159065884284013 0.3426 0.4989071332118784
v 1.5675253834550191 0.30000000000000004 0.550525928238496
v 1.5675253834550191 0.3426 0.550525928238496
v 0.5499545311537548 0.30000000000000004 1.5680967805397605
v 0.5499545311537548 0.3426 1.5680967805397605
v 0.4213936794992743 0.16718750000000004 -0.5956057757172488
v -0.5961771728019901 0.16718750000000004 0.4219650765840157
v -0.5961771728019901 0.2067875 0.4219650765840157
v 0.4213936794992743 0.2067875 -0.5956057757172488
v 0.5274596966772565 0.16718750000000004 -0.4895397585392667
v 0.5274596966772565 0.2067875 -0.4895397585392667
v -0.490111155624008 0.16718750000000004 0.5280310937619979
v -0.490111155624008 0.2067875 0.5280310937619979
v 0.4670727775639253 0.20625000000000004 -0.549926677652598
v -0.5504980747373391 0.20625000000000004 0.4676441746486667
v -0.5504980747373391 0.30000000000000004 0.4676441746486667
v 0.4670727775639253 0.30000000000000004 -0.549926677652598
v 0.48178059861260536 0.20625000000000004 -0.5352188566039178
v 0.48178059861260536 0.30000000000000004 -0.5352188566039178
v -0.535790253688659 0.20625000000000004 0.48235199569734677
v -0.535790253688659 0.30000000000000004 0.48235199569734677
v 0.44861729057495636 0.30000000000000004 -0.5683821646415668
v -0.5689535617263081 0.30000000000000004 0.44918868765969777
v -0.5689535617263081 0.3426 0.44918868765969777
v 0.44861729057495636 0.3426 -0.5683821646415668
v 0.5002360856015744 0.30000000000000004 -0.5167633696149487
v 0.5002360856015744 0.3426 -0.5167633696149487
v -0.51733476669969 0.30000000000000004 0.500807482686316
v -0.51733476669969 0.3426 0.500807482686316
vt 0.5 0.5078125
vt 0 0.5078125
vt 0 0.53125
vt 0.5 0.53125
vt 0.578125 0.8828125
vt 0.5 0.8828125
vt 0.5 0.90625
vt 0.578125 0.90625
vt 0.5 0.5390625
vt 0 0.5390625
vt 0 0.5625
vt 0.5 0.5625
vt 0.578125 0.8515625
vt 0.5 0.8515625
vt 0.5 0.875
vt 0.578125 0.875
vt 0.5 0.921875
vt 0 0.921875
vt 0 1
vt 0.5 1
vt 0.5 0.90625
vt 0 0.90625
vt 0 0.828125
vt 0.5 0.828125
vt 0.5 0.703125
vt 0 0.703125
vt 0 0.75
vt 0.5 0.75
vt 0.5078125 0.734375
vt 0.5 0.734375
vt 0.5 0.78125
vt 0.5078125 0.78125
vt 0.5 0.765625
vt 0 0.765625
vt 0 0.8125
vt 0.5 0.8125
vt 0.5078125 0.671875
vt 0.5 0.671875
vt 0.5 0.71875
vt 0.5078125 0.71875
vt 1 0.9609375
vt 0.5 0.9609375
vt 0.5 0.96875
vt 1 0.96875
vt 1 0.9375
vt 0.5 0.9375
vt 0.5 0.9296875
vt 1 0.9296875
vt 1 0.9765625
vt 0.5 0.9765625
vt 0.5 1
vt 1 1
vt 0.5390625 0.8203125
vt 0.5 0.8203125
vt 0.5 0.84375
vt 0.5390625 0.84375
vt 0.5 0.4765625
vt 0 0.4765625
vt 0 0.5
vt 0.5 0.5
vt 0.5390625 0.7890625
vt 0.5 0.7890625
vt 0.5 0.8125
vt 0.5390625 0.8125
vt 0.5 0.6484375
vt 0 0.6484375
vt 0 0.6875
vt 0.5 0.6875
vt 0.5 0.625
vt 0 0.625
vt 0 0.5859375
vt 0.5 0.5859375
vt 0 0.5390625
vt 0.5 0.5390625
vt 0.5 0.5625
vt 0 0.5625
vt 0.5 0.8828125
vt 0.578125 0.8828125
vt 0.578125 0.90625
vt 0.5 0.90625
vt 0 0.5078125
vt 0.5 0.5078125
vt 0.5 0.53125
vt 0 0.53125
vt 0.5 0.8515625
vt 0.578125 0.8515625
vt 0.578125 0.875
vt 0.5 0.875
vt 0.5 1
vt 0 1
vt 0 0.921875
vt 0.5 0.921875
vt 0.5 0.828125
vt 0 0.828125
vt 0 0.90625
vt 0.5 0.90625
vt 0 0.765625
vt 0.5 0.765625
vt 0.5 0.8125
vt 0 0.8125
vt 0.5 0.734375
vt 0.5078125 0.734375
vt 0.5078125 0.78125
vt 0.5 0.78125
vt 0 0.703125
vt 0.5 0.703125
vt 0.5 0.75
vt 0 0.75
vt 0.5 0.671875
vt 0.5078125 0.671875
vt 0.5078125 0.71875
vt 0.5 0.71875
vt 1 0.96875
vt 0.5 0.96875
vt 0.5 0.9609375
vt 1 0.9609375
vt 1 0.9296875
vt 0.5 0.9296875
vt 0.5 0.9375
vt 1 0.9375
vt 0 0.4765625
vt 0.5 0.4765625
vt 0.5 0.5
vt 0 0.5
vt 0.5 0.8203125
vt 0.5390625 0.8203125
vt 0.5390625 0.84375
vt 0.5 0.84375
vt 0.5 0.9765625
vt 1 0.9765625
vt 1 1
vt 0.5 1
vt 0.5 0.7890625
vt 0.5390625 0.7890625
vt 0.5390625 0.8125
vt 0.5 0.8125
vt 0.5 0.6875
vt 0 0.6875
vt 0 0.6484375
vt 0.5 0.6484375
vt 0.5 0.5859375
vt 0 0.5859375
vt 0 0.625
vt 0.5 0.625
vn -0.7071067811865477 0 -0.7071067811865475
vn 0.7071067811865465 0 -0.7071067811865487
vn 0.7071067811865475 0 0.7071067811865476
vn -0.7071067811865476 0 0.7071067811865476
vn 0 1 0
vn 0 -1 0
vn -0.7071067811865478 0 -0.7071067811865475
vn 0.7071067811865422 0 -0.7071067811865529
vn 0.7071067811865476 0 0.7071067811865476
vn -0.7071067811865476 0 0.7071067811865476
vn 0 1 0
vn 0 -1 0
vn -0.7071067811865477 0 -0.7071067811865474
vn 0.707106781186546 0 -0.7071067811865491
vn 0.7071067811865476 0 0.7071067811865475
vn -0.7071067811865445 0 0.7071067811865506
vn 0 1 0
vn 0 -1 0
vn -0.7071067811865476 0 -0.7071067811865475
vn 0.7071067811865476 0 -0.7071067811865476
vn 0.7071067811865476 0 0.7071067811865475
vn -0.7071067811865476 0 0.7071067811865476
vn 0 1 0
vn 0 -1 0
vn -0.7071067811865478 0 -0.7071067811865475
vn 0.7071067811865502 0 -0.7071067811865449
vn 0.7071067811865477 0 0.7071067811865475
vn -0.7071067811865449 0 0.7071067811865502
vn 0 1 0
vn 0 -1 0
vn -0.7071067811865476 0 -0.7071067811865475
vn 0.7071067811865476 0 -0.7071067811865476
vn 0.7071067811865477 0 0.7071067811865474
vn -0.7071067811865491 0 0.707106781186546
vn 0 1 0
vn 0 -1 0
usemtl m_5d104bb4-67b7-bb8c-cb9c-93fd7d4fb8f8
f 1/1/1 2/2/1 3/3/1 4/4/1
f 5/5/2 1/6/2 4/7/2 6/8/2
f 7/9/3 5/10/3 6/11/3 8/12/3
f 2/13/4 7/14/4 8/15/4 3/16/4
f 8/17/5 6/18/5 4/19/5 3/20/5
f 2/21/6 1/22/6 5/23/6 7/24/6
f 9/25/7 10/26/7 11/27/7 12/28/7
f 13/29/8 9/30/8 12/31/8 14/32/8
f 15/33/9 13/34/9 14/35/9 16/36/9
f 10/37/10 15/38/10 16/39/10 11/40/10
f 16/41/11 14/42/11 12/43/11 11/44/11
f 10/45/12 9/46/12 13/47/12 15/48/12
f 17/49/13 18/50/13 19/51/13 20/52/13
f 21/53/14 17/54/14 20/55/14 22/56/14
f 23/57/15 21/58/15 22/59/15 24/60/15
f 18/61/16 23/62/16 24/63/16 19/64/16
f 24/65/17 22/66/17 20/67/17 19/68/17
f 18/69/18 17/70/18 21/71/18 23/72/18
f 25/73/19 26/74/19 27/75/19 28/76/19
f 29/77/20 25/78/20 28/79/20 30/80/20
f 31/81/21 29/82/21 30/83/21 32/84/21
f 26/85/22 31/86/22 32/87/22 27/88/22
f 32/89/23 30/90/23 28/91/23 27/92/23
f 26/93/24 25/94/24 29/95/24 31/96/24
f 33/97/25 34/98/25 35/99/25 36/100/25
f 37/101/26 33/102/26 36/103/26 38/104/26
f 39/105/27 37/106/27 38/107/27 40/108/27
f 34/109/28 39/110/28 40/111/28 35/112/28
f 40/113/29 38/114/29 36/115/29 35/116/29
f 34/117/30 33/118/30 37/119/30 39/120/30
f 41/121/31 42/122/31 43/123/31 44/124/31
f 45/125/32 41/126/32 44/127/32 46/128/32
f 47/129/33 45/130/33 46/131/33 48/132/33
f 42/133/34 47/134/34 48/135/34 43/136/34
f 48/137/35 46/138/35 44/139/35 43/140/35
f 42/141/36 41/142/36 45/143/36 47/144/36